# Nflroster2026
‎######################################################################  RAVENS
‎Baltimore Ravens,BAL
‎QB1, Lamar Jackson, 29, 2018, 99, 96, 91, 94, 94, 99, 52.0M, 5
‎QB2, Tyler Huntley, 28, 2020, 77, 76, 84, 80, 77, 92, 2.0M, 1
‎RB1, Derrick Henry, 32, 2016, 91, 94, 87, 99, 93, 87, 15.0M, 2
‎RB2, Justice Hill, 28, 2019, 78, 79, 83, 76, 93, 88, 2.0M, 2
‎RB3, Rasheen Ali, 24, 2024, 80, 72, 83, 82, 91, 86, 1.2M, 2
‎WR1, Zay Flowers, 25, 2023, 94, 89, 87, 94, 97, 97, 15.0M, 4
‎WR2, Rashod Bateman, 26, 2021, 88, 83, 84, 91, 94, 87, 14.0M, 3
‎WR3, Ja'Kobi Lane, 23, 2026, 91, 72, 84, 90, 93, 88, 1.5M, 4
‎WR4, Devontez Walker, 25, 2024, 83, 70, 82, 82, 96, 86, 1.3M, 3
‎WR5, Elijah Sarratt, 23, 2026, 85, 70, 84, 86, 91, 85, 1.2M, 4
‎WR6, LaJohntay Wester, 23, 2025, 82, 68, 81, 84, 95, 92, 1.1M, 4
‎LT, Ronnie Stanley, 32, 2016, 89, 96, 80, 93, 91, 92, 12.0M, 2
‎LG, Andrew Vorhees, 27, 2023, 82, 79, 83, 90, 88, 80, 1.5M, 2
‎C, Tyler Linderbaum, 25, 2022, 96, 94, 93, 91, 93, 95, 15.0M, 4
‎RG, Daniel Faalele, 26, 2022, 84, 80, 87, 98, 91, 82, 3.0M, 2
‎RT, Roger Rosengarten, 24, 2024, 87, 82, 87, 88, 86, 88, 1.5M, 3
‎OT, Josh Jones, 30, 2017, 78, 78, 82, 86, 82, 80, 1.5M, 1
‎G, Malaesala Aumavae-Laulu, 26, 2023, 79, 73, 82, 91, 84, 78, 1.2M, 1
‎K, Justin Tucker, 36, 2012, 94, 99, 89, 93, 94, 5, 6.0, 2
‎K, Tyler Huntley, 28, 2020, 72, 74, 80, 82, 72, 24, 1.2, 1
‎S, Kyle Hamilton, 25, 2022, 99, 98, 95, 96, 93, 97, 20.0, 5
‎S, Marcus Williams, 30, 2018, 90, 96, 88, 93, 91, 83, 12.0, 2
‎S, Eddie Jackson, 32, 2017, 84, 94, 84, 87, 88, 82, 3.0, 1
‎S, Sanoussi Kane, 25, 2024, 77, 77, 85, 76, 90, 82, 1.2, 2
‎CB, Marlon Humphrey, 30, 2017, 94, 96, 90, 95, 94, 92, 15.0, 3
‎CB, Nate Wiggins, 23, 2024, 94, 81, 91, 95, 98, 83, 4.0, 3
‎CB, Brandon Stephens, 28, 2021, 85, 84, 90, 83, 92, 88, 4.0, 2
‎CB, Jalyn Armour-Davis, 26, 2022, 82, 78, 84, 81, 94, 80, 2.0, 2
‎DL, Justin Madubuike, 29, 2020, 96, 93, 94, 95, 91, 98, 24.0, 4
‎DL, Nnamdi Madubuike, 29, 2020, 86, 82, 90, 94, 89, 83, 3.0, 2
‎DL, Travis Jones, 27, 2022, 89, 80, 92, 98, 95, 77, 3.0, 3
‎DL, Broderick Washington, 31, 2020, 84, 86, 91, 95, 92, 73, 4.0, 2
‎LB, Roquan Smith, 29, 2018, 97, 98, 94, 97, 94, 94, 20.0, 5
‎LB, Kyle Van Noy, 35, 2014, 88, 96, 87, 90, 87, 88, 3.0, 2
‎LB, Trenton Simpson, 26, 2023, 89, 80, 91, 89, 86, 84, 2.5, 3
‎LB, Malik Harrison, 27, 2020, 84, 84, 90, 90, 88, 80, 2.0, 2
‎END_PLAYERS
‎‎######################################################################  BENGALS
‎Cincinnati Bengals,CIN
‎QB1, Joe Burrow, 29, 2020, 98, 98, 86, 97, 98, 78, 55.0M, 5
‎QB2, Joe Flacco, 41, 2008, 74, 90, 78, 91, 82, 55, 2.0M, 1
‎QB3, Shedeur Sanders, 24, 2025, 85, 72, 82, 86, 83, 75, 2.0M, 4
‎RB1, Chase Brown, 26, 2023, 90, 84, 88, 84, 95, 93, 6.0M, 3
‎RB2, Samaje Perine, 32, 2017, 76, 86, 87, 84, 79, 78, 2.0M, 1
‎RB3, Tahj Brooks, 25, 2025, 82, 74, 84, 89, 87, 82, 1.2M, 4
‎WR1, Ja'Marr Chase, 26, 2021, 99, 98, 92, 98, 96, 96, 40.0M, 4
‎WR2, Tee Higgins, 27, 2020, 94, 92, 91, 94, 91, 87, 28.0M, 3
‎WR3, Andrei Iosivas, 26, 2023, 84, 75, 87, 86, 91, 81, 3.0M, 2
‎WR4, Colbie Young, 24, 2026, 86, 70, 84, 88, 89, 80, 1.3M, 4
‎WR5, Mitchell Tinsley, 26, 2023, 78, 71, 82, 81, 89, 84, 1.2M, 1
‎WR6, Charlie Jones, 27, 2023, 79, 76, 81, 85, 88, 86, 1.2M, 1
‎LT, Orlando Brown Jr., 30, 2018, 92, 93, 91, 95, 92, 92, 16.0M, 3
‎LG, Dylan Fairchild, 23, 2026, 86, 73, 85, 90, 88, 84, 1.5M, 4
‎C, Ted Karras, 33, 2016, 84, 96, 87, 87, 85, 89, 4.0M, 1
‎RG, Dalton Risner, 31, 2019, 85, 91, 89, 92, 90, 84, 4.0M, 2
‎RT, Amarius Mims, 24, 2024, 94, 78, 82, 98, 95, 89, 4.0M, 3
‎OT, Andrew Coker, 24, 2025, 79, 70, 83, 88, 83, 79, 1.1M, 4
‎G, Jalen Rivers, 23, 2026, 87, 72, 84, 91, 88, 83, 1.3M, 4
‎K, Evan McPherson, 26, 2021, 91, 90, 93, 95, 89, 9, 4.5, 3
‎K, Cade York, 25, 2022, 82, 79, 84, 94, 80, 18, 1.5, 1
‎S, Geno Stone, 26, 2020, 88, 91, 90, 89, 91, 82, 6.0, 3
‎S, Jordan Battle, 27, 2023, 86, 83, 91, 82, 89, 91, 3.0, 3
‎S, Daxton Hill, 26, 2022, 90, 86, 87, 86, 96, 84, 4.5, 3
‎S, Tycen Anderson, 26, 2022, 78, 77, 85, 75, 91, 84, 1.5, 2
‎CB, Cam Taylor-Britt, 27, 2022, 89, 85, 88, 89, 94, 84, 5.0, 3
‎CB, DJ Turner II, 25, 2023, 91, 80, 90, 91, 99, 81, 4.0, 3
‎CB, Mike Hilton, 32, 2017, 87, 96, 86, 88, 87, 90, 5.0, 2
‎CB, Josh Newton, 25, 2024, 79, 75, 85, 78, 92, 79, 1.5, 2
‎DL, Trey Hendrickson, 31, 2017, 95, 93, 91, 91, 87, 98, 21.0, 3
‎DL, Sheldon Rankins, 32, 2016, 84, 90, 87, 94, 88, 83, 4.0, 2
‎DL, B.J. Hill, 31, 2018, 87, 90, 91, 94, 91, 82, 6.0, 3
‎DL, Kris Jenkins, 24, 2024, 90, 78, 91, 97, 92, 81, 2.5, 3
‎LB, Logan Wilson, 30, 2020, 91, 94, 92, 94, 91, 88, 9.0, 3
‎LB, Germaine Pratt, 30, 2019, 88, 90, 91, 92, 89, 85, 7.0, 3
‎LB, Akeem Davis-Gaither, 28, 2020, 82, 81, 87, 87, 83, 82, 2.0, 2
‎LB, Maema Njongmeta, 25, 2024, 80, 75, 86, 84, 81, 77, 1.2, 2
‎END_PLAYERS
‎‎######################################################################  BROWNS
‎Cleveland Browns,CLE
‎QB1, Deshaun Watson, 30, 2017, 88, 89, 70, 91, 88, 90, 46.0M, 2
‎QB2, Shedeur Sanders, 24, 2025, 85, 72, 82, 86, 83, 75, 2.0M, 4
‎QB3, Dillon Gabriel, 25, 2025, 81, 75, 82, 82, 82, 82, 1.5M, 4
‎RB1, Quinshon Judkins, 22, 2025, 91, 80, 88, 94, 92, 89, 2.0M, 4
‎RB2, Dylan Sampson, 22, 2025, 86, 75, 86, 79, 94, 92, 1.3M, 4
‎RB3, Raheim Sanders, 24, 2025, 80, 71, 82, 91, 85, 80, 1.0M, 4
‎WR1, Jerry Jeudy, 27, 2020, 91, 89, 83, 91, 95, 93, 17.0M, 3
‎WR2, KC Concepcion, 23, 2026, 92, 73, 85, 91, 94, 94, 2.0M, 4
‎WR3, Denzel Boston, 23, 2026, 89, 70, 85, 89, 91, 86, 1.6M, 4
‎WR4, Isaiah Bond, 22, 2025, 87, 68, 79, 82, 99, 93, 1.4M, 4
‎WR5, Cedric Tillman, 26, 2023, 80, 74, 79, 84, 88, 76, 1.5M, 1
‎WR6, Malachi Corley, 25, 2024, 82, 72, 84, 83, 92, 90, 1.4M, 2
‎LT, Jedrick Wills Jr., 27, 2020, 87, 84, 78, 92, 87, 89, 11.0M, 2
‎LG, Joel Bitonio, 34, 2014, 91, 99, 91, 94, 96, 91, 8.0M, 2
‎C, Ethan Pocic, 30, 2017, 86, 91, 87, 87, 89, 88, 5.0M, 2
‎RG, Wyatt Teller, 32, 2018, 90, 94, 83, 96, 96, 86, 8.0M, 2
‎RT, Jack Conklin, 32, 2016, 89, 94, 78, 94, 92, 91, 7.0M, 2
‎OT, Dawand Jones, 26, 2023, 89, 76, 86, 99, 93, 86, 2.0M, 2
‎G, Zak Zinter, 25, 2024, 82, 77, 86, 91, 87, 83, 1.3M, 2
‎K, Andre Szmyt, 26, 2023, 78, 77, 86, 88, 80, 17, 1.5, 1
‎K, Dustin Hopkins, 35, 2013, 84, 93, 85, 90, 86, 11, 3.0, 2
‎S, Grant Delpit, 28, 2020, 87, 88, 89, 85, 90, 91, 5.0, 3
‎S, Rodney McLeod, 36, 2012, 82, 96, 80, 86, 82, 90, 2.0, 1
‎S, Ronnie Hickman, 25, 2023, 81, 78, 89, 79, 91, 86, 1.8, 2
‎S, Rayshad Nichols, 24, 2024, 75, 73, 83, 74, 89, 80, 1.2, 2
‎CB, Denzel Ward, 29, 2018, 94, 96, 89, 96, 96, 87, 18.0, 3
‎CB, Martin Emerson Jr., 26, 2022, 90, 86, 92, 91, 91, 88, 5.0, 3
‎CB, Greg Newsome II, 26, 2021, 89, 87, 86, 90, 93, 82, 5.5, 2
‎CB, Cameron Mitchell, 25, 2023, 80, 76, 85, 79, 91, 81, 1.5, 2
‎DL, Myles Garrett, 30, 2017, 99, 99, 94, 96, 94, 99, 40.0, 4
‎DL, Dalvin Tomlinson, 32, 2017, 87, 93, 90, 96, 94, 77, 5.0, 2
‎DL, Maurice Hurst II, 31, 2018, 84, 86, 88, 91, 85, 82, 3.0, 2
‎DL, Shelby Harris, 35, 2014, 81, 91, 85, 93, 90, 75, 2.0, 1
‎LB, Jeremiah Owusu-Koramoah, 26, 2021, 95, 91, 88, 94, 90, 92, 12.0, 4
‎LB, Devin Bush, 28, 2019, 84, 85, 89, 89, 85, 82, 2.5, 2
‎LB, Mohamoud Diabate, 26, 2023, 82, 76, 87, 86, 83, 79, 1.5, 2
‎LB, Jordan Hicks, 34, 2015, 85, 94, 86, 91, 88, 86, 2.0, 1
‎END_PLAYERS
‎‎######################################################################  STEELERS 
‎Pittsburgh Steelers ,PIT
‎QB1, Aaron Rodgers, 42, 2005, 82, 99, 78, 96, 94, 66, 15.0M, 1
‎QB2, Mason Rudolph, 31, 2018, 76, 80, 82, 82, 78, 69, 4.0M, 2
‎QB3, Will Howard, 24, 2025, 82, 72, 84, 88, 81, 78, 1.5M, 4
‎RB1, Jaylen Warren, 27, 2022, 91, 89, 90, 87, 94, 94, 9.0M, 3
‎RB2, Rico Dowdle, 28, 2020, 82, 80, 88, 88, 89, 84, 3.0M, 2
‎RB3, Kaleb Johnson, 22, 2025, 88, 74, 85, 94, 91, 84, 1.5M, 4
‎WR1, DK Metcalf, 28, 2019, 95, 91, 89, 94, 97, 88, 30.0M, 3
‎WR2, Michael Pittman Jr., 28, 2020, 90, 88, 91, 93, 87, 84, 23.0M, 3
‎WR3, Roman Wilson, 25, 2024, 84, 75, 78, 84, 92, 87, 1.8M, 3
‎WR4, Germie Bernard, 23, 2026, 83, 68, 82, 82, 94, 89, 1.2M, 4
‎WR5, Kaden Wetjen, 23, 2026, 80, 68, 81, 80, 96, 91, 1.1M, 4
‎WR6, Ben Skowronek, 27, 2021, 76, 77, 84, 80, 84, 73, 1.5M, 1
‎LT, Broderick Jones, 25, 2023, 93, 84, 88, 94, 91, 91, 5.0M, 3
‎LG, Isaac Seumalo, 33, 2016, 86, 92, 88, 91, 90, 87, 6.0M, 2
‎C, Zach Frazier, 25, 2024, 93, 91, 91, 90, 92, 93, 2.0M, 3
‎RG, Mason McCormick, 25, 2024, 82, 76, 88, 88, 89, 81, 1.2M, 3
‎RT, Troy Fautanu, 26, 2024, 93, 82, 82, 95, 93, 89, 3.0M, 3
‎OT, Calvin Anderson, 30, 2019, 77, 78, 82, 86, 81, 80, 1.5M, 1
‎G, Spencer Anderson, 26, 2023, 78, 77, 83, 84, 82, 80, 1.2M, 1
‎K, Chris Boswell, 35, 2015, 94, 98, 93, 91, 95, 5, 5.0, 4
‎K, Ben Skowronek, 27, 2021, 73, 70, 82, 78, 68, 25, 1.0, 1
‎S, Minkah Fitzpatrick, 29, 2018, 94, 96, 91, 94, 94, 88, 18.0, 4
‎S, DeShon Elliott, 29, 2018, 88, 89, 89, 84, 91, 93, 5.0, 2
‎S, Damontae Kazee, 33, 2017, 80, 91, 82, 82, 87, 86, 2.0, 1
‎S, Miles Killebrew, 33, 2016, 77, 87, 84, 76, 86, 88, 1.5, 1
‎CB, Joey Porter Jr., 26, 2023, 94, 89, 93, 95, 94, 89, 8.0, 4
‎CB, Darius Rush, 25, 2023, 84, 77, 86, 84, 96, 80, 1.8, 2
‎CB, Cory Trice Jr., 26, 2023, 83, 76, 84, 82, 92, 82, 1.5, 2
‎CB, James Pierre, 29, 2020, 78, 82, 88, 77, 91, 84, 2.0, 2
‎DL, T.J. Watt, 31, 2017, 99, 99, 93, 94, 92, 99, 30.0, 3
‎DL, Cameron Heyward, 37, 2011, 91, 99, 87, 97, 94, 89, 8.0, 2
‎DL, Keeanu Benton, 27, 2023, 91, 80, 92, 96, 92, 84, 3.0, 3
‎DL, Larry Ogunjobi, 32, 2017, 82, 88, 87, 93, 87, 78, 3.0, 2
‎LB, Patrick Queen, 27, 2020, 94, 91, 94, 94, 91, 89, 13.0, 4
‎LB, Alex Highsmith, 29, 2020, 92, 91, 91, 87, 84, 95, 15.0, 4
‎LB, Cole Holcomb, 30, 2019, 85, 88, 84, 91, 87, 84, 2.5, 2
‎LB, Payton Wilson, 26, 2024, 93, 79, 90, 94, 90, 87, 2.5, 3
‎END_PLAYERS
‎‎###################################################################### BILLS
‎Buffalo Bills,BUF
‎QB1, Josh Allen, 30, 2018, 99, 97, 94, 99, 96, 98, 55.0M, 6
‎QB2, Mitchell Trubisky, 31, 2017, 76, 78, 82, 84, 78, 82, 2.5M, 1
‎QB3, Shane Buechele, 28, 2021, 68, 70, 75, 76, 73, 79, 1.0M, 1
‎RB1, James Cook III, 27, 2022, 94, 91, 90, 86, 96, 94, 12.0M, 4
‎RB2, Ray Davis, 26, 2024, 82, 78, 87, 89, 88, 84, 1.3M, 2
‎RB3, Ty Johnson, 29, 2019, 76, 78, 84, 78, 89, 83, 1.5M, 1
‎WR1, DJ Moore, 29, 2018, 94, 92, 91, 94, 93, 91, 28.0M, 3
‎WR2, Khalil Shakir, 26, 2022, 89, 88, 90, 92, 91, 93, 8.0M, 4
‎WR3, Keon Coleman, 23, 2024, 90, 78, 86, 88, 91, 83, 4.0M, 3
‎WR4, Skyler Bell, 23, 2026, 82, 69, 82, 81, 94, 88, 1.2M, 4
‎WR5, Joshua Palmer, 26, 2021, 82, 78, 86, 87, 90, 79, 8.0M, 2
‎WR6, Mecole Hardman, 28, 2019, 78, 75, 78, 82, 97, 91, 2.5M, 1
‎LT, Dion Dawkins, 32, 2017, 91, 94, 91, 91, 91, 93, 14.5M, 3
‎LG, David Edwards, 27, 2019, 84, 86, 88, 86, 88, 84, 5.5M, 2
‎C, Connor McGovern, 28, 2019, 84, 89, 87, 85, 86, 87, 5.0M, 2
‎RG, O'Cyrus Torrence, 26, 2023, 91, 88, 92, 94, 93, 87, 2.0M, 2
‎RT, Spencer Brown, 28, 2021, 86, 84, 88, 92, 89, 85, 8.0M, 3
‎OT, Alec Anderson, 25, 2022, 78, 76, 84, 82, 80, 79, 1.5M, 1
‎G/C, Sedrick Van Pran, 24, 2024, 82, 82, 85, 83, 82, 84, 1.2M, 2
‎K, Tyler Bass, 29, 2020, 86, 88, 91, 91, 86, 12, 4.0, 4
‎K, Matt Coghlin, 27, 2021, 76, 78, 86, 88, 78, 18, 1.2, 1
‎S, Taylor Rapp, 28, 2019, 82, 86, 88, 82, 88, 87, 4.0, 2
‎S, Damar Hamlin, 28, 2021, 79, 84, 89, 78, 87, 85, 2.5, 2
‎S, Cole Bishop, 23, 2024, 88, 79, 91, 81, 92, 88, 2.5, 3
‎S, Mike Edwards, 30, 2019, 80, 86, 87, 79, 87, 84, 2.5, 1
‎CB, Christian Benford, 26, 2022, 92, 88, 91, 93, 92, 86, 8.0, 3
‎CB, Maxwell Hairston, 22, 2025, 94, 79, 91, 95, 96, 80, 4.5, 4
‎CB, Taron Johnson, 30, 2018, 90, 94, 92, 94, 91, 88, 8.0, 3
‎CB, Dane Jackson, 29, 2020, 79, 82, 85, 79, 89, 81, 2.5, 1
‎DL, Ed Oliver, 29, 2019, 91, 89, 91, 93, 88, 92, 10.0, 3
‎DL, DaQuan Jones, 35, 2013, 84, 94, 87, 97, 95, 72, 3.0, 2
‎DL, Greg Rousseau, 26, 2021, 94, 87, 92, 91, 88, 95, 12.0, 4
‎DL, Austin Johnson, 31, 2016, 80, 84, 88, 94, 90, 70, 2.0, 2
‎LB, Matt Milano, 32, 2017, 94, 96, 88, 94, 91, 95, 12.0, 3
‎LB, Terrel Bernard, 26, 2022, 92, 86, 92, 93, 90, 88, 5.0, 4
‎LB, Dorian Williams, 25, 2023, 87, 78, 91, 89, 86, 83, 2.0, 3
‎LB, Baylon Spector, 27, 2022, 80, 77, 86, 86, 83, 77, 1.3, 2
‎END_PLAYERS
‎#####################################################################  PATRIOTS
‎New England Patriots,NE
‎QB1, Drake Maye, 23, 2024, 96, 90, 92, 94, 91, 94, 8.0M, 2
‎QB2, Tommy DeVito, 28, 2023, 74, 76, 78, 78, 77, 82, 2.0M, 1
‎QB3, Behren Morton, 22, 2026, 82, 68, 80, 84, 80, 78, 1.5M, 4
‎RB1, Rhamondre Stevenson, 28, 2021, 89, 89, 88, 91, 88, 91, 12.0M, 3
‎RB2, TreVeyon Henderson, 23, 2026, 94, 78, 88, 84, 97, 95, 2.0M, 4
‎RB3, Lan Larison, 23, 2026, 81, 70, 84, 88, 91, 86, 1.2M, 4
‎RB4, Jam Miller, 24, 2025, 79, 72, 83, 82, 88, 84, 1.0M, 4
‎WR1, A.J. Brown, 29, 2019, 96, 95, 91, 96, 94, 92, 32.0M, 3
‎WR2, Romeo Doubs, 26, 2022, 87, 82, 87, 89, 91, 83, 7.0M, 2
‎WR3, DeMario Douglas, 26, 2023, 86, 82, 84, 90, 92, 94, 3.0M, 2
‎WR4, Kyle Williams, 23, 2026, 86, 70, 83, 85, 96, 91, 1.4M, 4
‎WR5, Mack Hollins, 32, 2017, 76, 78, 83, 82, 89, 72, 2.0M, 1
‎WR6, Efton Chism III, 24, 2026, 82, 69, 82, 84, 89, 88, 1.1M, 4
‎LT, Will Campbell, 23, 2026, 94, 78, 89, 96, 94, 91, 3.5M, 4
‎LG, Alijah Vera-Tucker, 27, 2021, 91, 92, 79, 93, 91, 89, 15.0M, 3
‎C, Garrett Bradbury, 31, 2019, 84, 91, 86, 84, 84, 88, 5.0M, 2
‎RG, Mike Onwenu, 28, 2020, 92, 91, 93, 96, 94, 91, 18.0M, 4
‎RT, Morgan Moses, 35, 2014, 82, 95, 82, 92, 88, 89, 4.0M, 1
‎OT, Caedan Wallace, 26, 2024, 81, 78, 80, 87, 83, 82, 1.5M, 3
‎G, Joshua Gray, 27, 2021, 77, 78, 84, 82, 81, 79, 1.3M, 1
‎K, Andy Borregales, 23, 2025, 90, 78, 91, 91, 89, 10, 1.5, 4
‎K, Joey Slye, 30, 2019, 83, 84, 88, 94, 81, 19, 3.0, 2
‎S, Kyle Dugger, 30, 2020, 90, 91, 91, 87, 91, 94, 12.0, 3
‎S, Jabrill Peppers, 31, 2017, 84, 89, 82, 82, 91, 92, 3.0, 1
‎S, Jaylinn Hawkins, 28, 2020, 79, 84, 86, 78, 88, 84, 2.0, 1
‎S, Dell Pettus, 24, 2025, 83, 76, 88, 80, 91, 85, 1.5, 3
‎CB, Christian Gonzalez, 24, 2023, 96, 91, 92, 97, 96, 87, 12.0, 4
‎CB, Marcus Jones, 27, 2022, 86, 82, 87, 88, 96, 80, 3.0, 2
‎CB, Marcellas Dial, 24, 2024, 82, 76, 87, 82, 92, 81, 1.8, 3
‎CB, Alex Austin, 26, 2023, 79, 77, 85, 79, 91, 80, 1.5, 2
‎DL, Christian Barmore, 27, 2021, 94, 89, 88, 95, 91, 94, 15.0, 4
‎DL, Milton Williams, 26, 2021, 90, 84, 92, 91, 87, 91, 8.0, 4
‎DL, Keion White, 27, 2023, 90, 78, 90, 94, 89, 91, 3.0, 3
‎DL, Davon Godchaux, 31, 2017, 84, 89, 90, 95, 91, 70, 4.0, 2
‎LB, Robert Spillane, 30, 2018, 87, 91, 92, 94, 91, 84, 4.5, 2
‎LB, Harold Landry III, 30, 2018, 92, 89, 90, 87, 84, 94, 17.0, 4
‎LB, Jahlani Tavai, 29, 2019, 82, 86, 90, 89, 85, 81, 2.0, 2
‎LB, Christian Elliss, 29, 2019, 80, 79, 86, 86, 82, 78, 1.5, 2
‎END_PLAYERS
‎‎######################################################################  JETS
‎New York Jets,NYJ
‎QB1, Justin Fields, 27, 2021, 87, 83, 88, 87, 82, 96, 20.0M, 2
‎QB2, Tyrod Taylor, 37, 2011, 77, 88, 80, 82, 79, 88, 3.0M, 1
‎RB1, Breece Hall, 25, 2022, 94, 90, 85, 87, 96, 95, 10.0M, 4
‎RB2, Braelon Allen, 22, 2024, 88, 78, 90, 94, 88, 84, 1.5M, 3
‎RB3, Isaiah Davis, 25, 2024, 80, 74, 84, 88, 86, 82, 1.0M, 2
‎WR1, Garrett Wilson, 26, 2022, 96, 93, 90, 95, 94, 95, 35.0M, 4
‎WR2, Adonai Mitchell, 24, 2024, 88, 78, 86, 87, 95, 88, 2.5M, 3
‎WR3, Omar Cooper Jr., 23, 2026, 85, 69, 82, 84, 96, 91, 1.3M, 4
‎WR4, Tim Patrick, 32, 2017, 77, 82, 83, 85, 83, 70, 2.0M, 1
‎WR5, Isaiah Williams, 25, 2024, 78, 73, 80, 83, 91, 91, 1.2M, 2
‎WR6, Arian Smith, 25, 2021, 79, 70, 78, 78, 99, 92, 1.2M, 1
‎LT, Olu Fashanu, 23, 2024, 94, 80, 89, 94, 90, 94, 4.0M, 3
‎LG, John Simpson, 29, 2020, 82, 82, 87, 88, 86, 82, 4.0M, 2
‎C, Joe Tippmann, 26, 2023, 89, 87, 89, 91, 91, 87, 3.0M, 2
‎RG, Alijah Vera-Tucker, 27, 2021, 91, 92, 79, 93, 91, 89, 15.0M, 3
‎RT, Armand Membou, 23, 2026, 93, 76, 89, 95, 92, 90, 2.5M, 4
‎OT, Warren McClendon Jr., 25, 2023, 79, 76, 83, 87, 82, 80, 1.2M, 2
‎G, Xavier Newman-Johnson, 27, 2022, 76, 74, 82, 84, 82, 77, 1.1M, 1
‎K, Nick Folk, 41, 2007, 82, 97, 78, 89, 91, 9, 2.5, 1
‎K, Harrison Butker, 31, 2017, 94, 96, 92, 94, 92, 7, 7.0, 3
‎S, Chuck Clark, 31, 2017, 84, 94, 86, 83, 86, 90, 4.0, 2
‎S, Tony Adams, 27, 2022, 82, 82, 89, 80, 91, 86, 3.0, 2
‎S, Andre Cisco, 26, 2021, 88, 83, 87, 86, 93, 85, 4.5, 2
‎S, Jarius Monroe, 25, 2024, 76, 75, 84, 75, 89, 79, 1.2, 2
‎CB, Sauce Gardner, 26, 2022, 98, 96, 94, 99, 97, 91, 20.0, 5
‎CB, Michael Carter II, 27, 2021, 87, 89, 91, 90, 93, 84, 5.0, 3
‎CB, Brandin Echols, 27, 2021, 82, 80, 87, 81, 94, 80, 2.5, 2
‎CB, Qwan'tez Stiggers, 26, 2024, 81, 75, 85, 81, 91, 82, 1.5, 2
‎DL, Quinnen Williams, 28, 2019, 96, 94, 92, 98, 94, 95, 24.0, 4
‎DL, Jermaine Johnson II, 27, 2022, 91, 82, 88, 92, 88, 94, 8.0, 3
‎DL, Will McDonald IV, 27, 2023, 92, 79, 90, 88, 82, 97, 5.0, 3
‎DL, Solomon Thomas, 31, 2017, 82, 86, 87, 91, 84, 79, 2.5, 2
‎LB, C.J. Mosley, 34, 2014, 90, 98, 85, 95, 92, 89, 3.0, 1
‎LB, Quincy Williams, 30, 2019, 91, 87, 93, 94, 90, 86, 8.0, 3
‎LB, Jamien Sherwood, 26, 2021, 87, 82, 91, 91, 87, 83, 3.0, 3
‎LB, Chazz Surratt, 29, 2021, 80, 77, 86, 84, 81, 78, 1.5, 2
‎END_PLAYERS
‎‎######################################################################  DOLPHINS 
‎Miami Dolphins,MIA
‎QB1, Malik Willis, 27, 2022, 82, 78, 87, 86, 78, 96, 3.0M, 2
‎QB2, Quinn Ewers, 23, 2026, 89, 72, 85, 88, 84, 82, 5.0M, 4
‎RB1, De'Von Achane, 24, 2023, 98, 89, 88, 82, 99, 98, 11.0M, 4
‎RB2, Jaylen Wright, 23, 2024, 87, 78, 88, 80, 98, 91, 1.5M, 3
‎RB3, Ollie Gordon II, 23, 2026, 88, 74, 86, 91, 91, 85, 1.5M, 4
‎WR1, Malik Washington, 25, 2024, 85, 78, 87, 88, 92, 90, 2.0M, 3
‎WR2, Caleb Douglas, 23, 2026, 88, 70, 84, 86, 95, 91, 1.5M, 4
‎WR3, Chris Bell, 23, 2026, 84, 69, 83, 84, 94, 89, 1.2M, 4
‎WR4, Jalen Tolbert, 27, 2022, 80, 75, 84, 85, 91, 78, 2.5M, 1
‎WR5, Tutu Atwell, 26, 2021, 78, 73, 79, 80, 98, 94, 2.0M, 1
‎WR6, Kevin Coleman Jr., 23, 2026, 83, 68, 82, 82, 94, 92, 1.2M, 4
‎LT, Patrick Paul, 24, 2024, 88, 81, 87, 91, 88, 86, 2.5M, 3
‎LG, Aaron Brewer, 28, 2020, 84, 89, 88, 84, 85, 87, 6.0M, 3
‎C, Aaron Brewer, 28, 2020, 84, 89, 88, 84, 85, 87, 6.0M, 3
‎RG, Jonah Savaiinaea, 23, 2026, 87, 72, 85, 92, 88, 84, 1.5M, 4
‎RT, Austin Jackson, 27, 2020, 82, 80, 83, 88, 84, 82, 4.0M, 2
‎OT, Kion Smith, 26, 2022, 76, 73, 82, 84, 81, 78, 1.2M, 1
‎G, Liam Eichenberg, 28, 2021, 79, 82, 83, 84, 82, 81, 2.5M, 1
‎K, Riley Patterson, 27, 2021, 84, 84, 90, 89, 85, 13, 3.0, 2
‎K, Jake Bates, 27, 2024, 88, 82, 91, 96, 86, 11, 4.0, 3
‎S, Minkah Fitzpatrick, 29, 2018, 94, 96, 91, 94, 94, 88, 18.0, 4
‎S, Jordan Poyer, 35, 2013, 87, 98, 84, 89, 82, 91, 3.5, 1
‎S, Elijah Campbell, 30, 2018, 78, 82, 87, 76, 89, 83, 2.0, 1
‎S, Patrick McMorris, 24, 2024, 82, 78, 88, 78, 91, 85, 1.5, 3
‎CB, Jalen Ramsey, 32, 2016, 93, 98, 89, 95, 91, 93, 15.0, 2
‎CB, Cam Smith, 25, 2023, 87, 82, 88, 87, 93, 82, 3.0, 3
‎CB, Kader Kohou, 27, 2022, 86, 83, 90, 86, 91, 84, 3.5, 2
‎CB, Ethan Bonner, 25, 2024, 77, 77, 85, 77, 91, 78, 1.5, 2
‎DL, Zach Sieler, 31, 2018, 91, 91, 93, 94, 92, 89, 8.0, 3
‎DL, Calais Campbell, 40, 2008, 87, 99, 82, 94, 92, 84, 4.0, 1
‎DL, Zachary Carter, 26, 2022, 82, 78, 87, 90, 84, 79, 1.8, 2
‎DL, Benito Jones, 29, 2020, 80, 81, 88, 93, 89, 68, 1.5, 2
‎LB, Jordyn Brooks, 28, 2020, 92, 91, 94, 95, 91, 87, 10.0, 3
‎LB, Chop Robinson, 25, 2024, 93, 77, 91, 86, 83, 91, 3.0, 4
‎LB, Anthony Walker Jr., 31, 2017, 85, 91, 88, 91, 88, 85, 2.5, 2
‎LB, Mohamed Kamara, 26, 2024, 83, 75, 87, 85, 81, 79, 1.3, 2
‎END_PLAYERS
‎‎######################################################################  TEXANS
‎Houston Texans,HST
‎QB1, C.J. Stroud, 25, 2023, 96, 91, 91, 93, 94, 84, 12.0M, 2
‎QB2, Davis Mills, 27, 2021, 77, 78, 82, 83, 79, 72, 3.0M, 1
‎RB1, David Montgomery, 29, 2019, 88, 91, 90, 94, 85, 83, 10.0M, 2
‎RB2, Woody Marks, 23, 2025, 84, 75, 86, 82, 91, 88, 1.3M, 4
‎RB3, Jawhar Jordan, 26, 2024, 82, 72, 82, 78, 96, 90, 1.0M, 2
‎WR1, Nico Collins, 27, 2021, 96, 91, 90, 96, 93, 88, 30.0M, 4
‎WR2, Kayshon Boutte, 23, 2023, 86, 75, 83, 87, 92, 84, 2.0M, 2
‎WR3, Xavier Hutchinson, 26, 2023, 81, 75, 84, 84, 87, 78, 1.3M, 2
‎WR4, Jaylin Noel, 23, 2026, 86, 70, 82, 85, 95, 92, 1.3M, 4
‎WR5, Tank Dell, 26, 2023, 90, 79, 74, 91, 97, 95, 5.0M, 2
‎WR6, Justin Watson, 30, 2018, 77, 77, 81, 84, 88, 73, 2.0M, 1
‎LT, Jaylon Moore, 27, 2021, 85, 82, 88, 89, 87, 88, 8.0M, 2
‎LG, Ed Ingram, 27, 2022, 82, 76, 85, 90, 86, 79, 3.0M, 2
‎C, Juice Scruggs, 27, 2023, 85, 81, 82, 87, 88, 84, 2.5M, 3
‎RG, Jarrett Patterson, 26, 2023, 82, 79, 87, 88, 87, 81, 1.5M, 2
‎RT, Tytus Howard, 30, 2019, 87, 86, 86, 92, 89, 87, 15.0M, 3
‎OT, Blake Fisher, 25, 2024, 83, 75, 85, 91, 87, 82, 1.5M, 3
‎G, Kendrick Green, 27, 2021, 77, 74, 81, 84, 82, 79, 1.3M, 1
‎K, Ka'imi Fairbairn, 32, 2016, 93, 94, 92, 93, 92, 7, 5.0, 3
‎K, Matt Ammendola, 29, 2021, 78, 78, 84, 91, 76, 19, 1.5, 1
‎S, Jalen Pitre, 27, 2022, 88, 84, 89, 85, 92, 89, 4.0, 3
‎S, C.J. Gardner-Johnson, 29, 2019, 90, 93, 89, 90, 91, 87, 6.0, 2
‎S, Calen Bullock, 23, 2024, 91, 79, 90, 89, 96, 82, 2.5, 3
‎S, Jimmie Ward, 35, 2014, 82, 94, 83, 82, 85, 89, 2.5, 1
‎CB, Derek Stingley Jr., 25, 2022, 98, 94, 93, 99, 96, 91, 18.0, 5
‎CB, Kamari Lassiter, 25, 2024, 89, 79, 90, 89, 93, 85, 3.0, 3
‎CB, Derek Barnett, 30, 2017, 78, 80, 85, 76, 88, 82, 2.0, 1
‎CB, Myles Bryant, 27, 2020, 80, 83, 87, 82, 89, 81, 2.0, 2
‎DL, Danielle Hunter, 31, 2015, 95, 94, 91, 93, 89, 98, 25.0, 3
‎DL, Will Anderson Jr., 25, 2023, 99, 91, 94, 92, 90, 99, 30.0, 5
‎DL, Denico Autry, 36, 2014, 85, 91, 86, 93, 89, 82, 3.0, 2
‎DL, Tim Settle, 29, 2018, 82, 82, 88, 94, 89, 72, 2.0, 2
‎LB, Azeez Al-Shaair, 29, 2019, 91, 91, 93, 94, 91, 87, 7.0, 3
‎LB, Henry To'oTo'o, 25, 2023, 88, 81, 91, 90, 87, 85, 2.0, 3
‎LB, Neville Hewitt, 33, 2015, 82, 88, 87, 89, 86, 80, 1.8, 1
‎LB, Jamal Hill, 26, 2023, 79, 76, 85, 84, 81, 77, 1.2, 2
‎END_PLAYERS
‎‎######################################################################  COLTS 
‎Indianapolis Colts,IND
‎QB1, Daniel Jones, 29, 2019, 82, 82, 88, 85, 82, 92, 15.0M, 2
‎QB2, Anthony Richardson, 24, 2023, 90, 75, 68, 92, 72, 96, 6.0M, 2
‎QB3, Riley Leonard, 23, 2026, 82, 69, 84, 84, 77, 87, 1.5M, 4
‎RB1, Jonathan Taylor, 27, 2020, 96, 94, 92, 96, 96, 92, 42.0M, 3
‎RB2, DJ Giddens, 22, 2025, 86, 73, 86, 85, 94, 90, 1.3M, 4
‎RB3, Seth McGowan, 25, 2021, 75, 70, 80, 82, 86, 81, 1.0M, 1
‎WR1, Josh Downs, 25, 2023, 91, 88, 87, 94, 92, 95, 8.0M, 4
‎WR2, Alec Pierce, 26, 2022, 88, 82, 88, 89, 98, 84, 28.5M, 4
‎WR3, Keenan Allen, 34, 2013, 84, 98, 78, 96, 82, 80, 8.0M, 1
‎WR4, Nick Westbrook-Ikhine, 30, 2020, 77, 76, 86, 83, 89, 76, 2.5M, 1
‎WR5, Deion Burks, 23, 2024, 82, 70, 78, 82, 94, 90, 1.3M, 3
‎WR6, Ashton Dulin, 29, 2019, 76, 76, 82, 81, 91, 80, 1.5M, 1
‎LT, Bernhard Raimann, 29, 2022, 91, 88, 91, 94, 92, 92, 15.0M, 4
‎LG, Quenton Nelson, 30, 2018, 95, 98, 91, 98, 98, 92, 20.0M, 4
‎C, Tanor Bortolini, 25, 2024, 83, 80, 86, 86, 87, 83, 1.5M, 2
‎RG, Matt Goncalves, 25, 2024, 82, 76, 85, 89, 85, 81, 1.3M, 2
‎RT, Braden Smith, 30, 2018, 89, 92, 87, 93, 91, 90, 14.0M, 3
‎OT, Blake Freeland, 27, 2023, 82, 78, 83, 88, 84, 81, 1.5M, 2
‎G/C, Danny Pinter, 30, 2020, 76, 78, 82, 84, 80, 79, 1.2M, 1
‎K, Spencer Shrader, 25, 2024, 84, 80, 90, 92, 84, 12, 2.0, 2
‎K, Matt Gay, 32, 2018, 87, 89, 88, 92, 86, 11, 4.0, 2
‎S, Nick Cross, 25, 2022, 89, 83, 92, 84, 96, 89, 3.5, 3
‎S, Julian Blackmon, 27, 2020, 86, 89, 88, 86, 91, 84, 4.5, 2
‎S, Rodney Thomas II, 26, 2022, 80, 80, 86, 79, 91, 84, 2.0, 2
‎S, Daniel Scott, 26, 2023, 78, 77, 85, 76, 89, 83, 1.5, 2
‎CB, Kenny Moore II, 31, 2017, 90, 96, 88, 94, 91, 88, 7.0, 2
‎CB, JuJu Brents, 26, 2023, 87, 79, 84, 87, 92, 85, 3.0, 2
‎CB, Jaylon Jones, 23, 2023, 88, 78, 90, 87, 94, 82, 2.5, 3
‎CB, Jaylin Simpson, 25, 2024, 80, 76, 85, 79, 92, 80, 1.5, 2
‎DL, DeForest Buckner, 32, 2016, 94, 97, 91, 97, 94, 94, 22.0, 3
‎DL, Kwity Paye, 28, 2021, 91, 82, 90, 92, 87, 94, 12.0, 4
‎DL, Grover Stewart, 32, 2017, 86, 91, 91, 97, 95, 70, 4.0, 2
‎DL, Laiatu Latu, 26, 2024, 94, 80, 91, 90, 84, 96, 3.5, 4
‎LB, Zaire Franklin, 30, 2017, 90, 94, 93, 95, 92, 85, 10.0, 3
‎LB, E.J. Speed, 31, 2019, 87, 88, 91, 92, 88, 87, 4.0, 2
‎LB, Jaylon Carlies, 25, 2024, 87, 77, 89, 88, 84, 82, 1.5, 3
‎LB, Segun Olubi, 25, 2023, 79, 75, 86, 84, 80, 77, 1.2, 2
‎END_PLAYERS
‎‎######################################################################  JAGUARS 
‎Jacksonville Jaguars,JAX
‎QB1, Trevor Lawrence, 26, 2021, 94, 91, 91, 95, 91, 88, 55.0M, 5
‎QB2, Nick Mullens, 31, 2018, 75, 82, 79, 81, 79, 63, 2.5M, 1
‎RB1, Bhayshul Tuten, 23, 2026, 89, 72, 86, 87, 96, 92, 1.5M, 4
‎RB2, Chris Rodriguez Jr., 25, 2023, 81, 76, 86, 91, 82, 80, 1.2M, 2
‎RB3, LeQuint Allen Jr., 23, 2025, 84, 73, 85, 87, 88, 86, 1.2M, 4
‎WR1, Parker Washington, 25, 2023, 86, 80, 86, 89, 91, 90, 4.0M, 3
‎WR2, Brian Thomas Jr., 24, 2024, 95, 83, 88, 93, 98, 91, 4.5M, 3
‎WR3, Jakobi Meyers, 29, 2019, 87, 91, 90, 93, 87, 82, 14.0M, 3
‎WR4, Travis Hunter, 23, 2025, 96, 91, 85, 93, 96, 94, 8.0M, 4
‎WR5, Josh Cameron, 23, 2026, 82, 68, 81, 82, 94, 88, 1.2M, 4
‎WR6, CJ Williams, 23, 2026, 80, 67, 81, 80, 93, 89, 1.0M, 4
‎LT, Walker Little, 27, 2021, 87, 82, 87, 92, 88, 88, 7.0M, 2
‎LG, Ezra Cleveland, 28, 2020, 85, 87, 88, 88, 89, 84, 6.0M, 2
‎C, Mitch Morse, 34, 2015, 84, 97, 84, 88, 87, 88, 3.0M, 1
‎RG, Patrick Mekari, 28, 2019, 84, 85, 87, 87, 86, 84, 4.0M, 2
‎RT, Anton Harrison, 24, 2023, 88, 80, 86, 94, 91, 86, 2.0M, 2
‎OT, Daniel Faalele, 26, 2022, 84, 80, 87, 98, 91, 82, 3.0M, 2
‎G, Cooper Hodges, 24, 2025, 81, 71, 84, 90, 87, 81, 1.2M, 4
‎K, Cam Little, 23, 2025, 91, 78, 94, 96, 88, 8, 1.5, 4
‎K, Riley Patterson, 27, 2021, 84, 84, 90, 89, 85, 13, 2.5, 2
‎S, Antonio Johnson, 25, 2023, 87, 79, 89, 84, 94, 87, 2.5, 3
‎S, Darnell Savage, 31, 2019, 85, 88, 88, 84, 91, 85, 4.0, 2
‎S, Eric Murray, 32, 2016, 78, 89, 84, 78, 87, 87, 2.0, 1
‎S, Terrell Edmunds, 31, 2018, 83, 88, 89, 79, 89, 92, 2.5, 2
‎CB, Tyson Campbell, 26, 2021, 92, 88, 90, 94, 96, 85, 8.0, 3
‎CB, Jarrian Jones, 24, 2024, 85, 77, 89, 84, 93, 82, 2.0, 3
‎CB, Montaric Brown, 26, 2022, 81, 79, 87, 79, 91, 83, 1.5, 2
‎CB, Deantre Prince, 25, 2024, 80, 76, 85, 80, 94, 81, 1.5, 2
‎DL, Josh Hines-Allen, 29, 2019, 95, 91, 93, 92, 89, 98, 25.0, 5
‎DL, Travon Walker, 25, 2022, 94, 82, 91, 97, 92, 94, 11.0, 4
‎DL, DaVon Hamilton, 30, 2019, 84, 83, 89, 95, 91, 73, 3.0, 2
‎DL, Arik Armstead, 32, 2015, 86, 92, 87, 96, 92, 80, 6.0, 2
‎LB, Foyesade Oluokun, 31, 2018, 89, 95, 93, 94, 91, 87, 7.0, 3
‎LB, Devin Lloyd, 27, 2022, 91, 84, 91, 93, 89, 85, 4.0, 3
‎LB, Chad Muma, 26, 2022, 85, 80, 89, 88, 85, 81, 2.0, 2
‎LB, Ventrell Miller, 27, 2023, 81, 77, 87, 86, 83, 78, 1.5, 2
‎END_PLAYERS
‎‎######################################################################  TITANS
‎Tennessee Titans,TEN
‎QB1, Cam Ward, 23, 2026, 93, 77, 88, 94, 86, 91, 10.0M, 4
‎QB2, Will Levis, 27, 2023, 84, 75, 79, 94, 78, 82, 3.0M, 2
‎RB1, Tony Pollard, 29, 2019, 89, 88, 87, 84, 94, 92, 10.0M, 3
‎RB2, Tyjae Spears, 25, 2023, 88, 78, 81, 78, 95, 94, 2.5M, 2
‎RB3, Nicholas Singleton, 23, 2026, 90, 70, 87, 90, 94, 89, 1.5M, 4
‎WR1, Carnell Tate, 22, 2026, 92, 72, 85, 91, 94, 87, 1.8M, 4
‎WR2, Wan'Dale Robinson, 25, 2022, 89, 86, 86, 92, 93, 96, 7.0M, 3
‎WR3, Calvin Ridley, 31, 2018, 88, 93, 82, 92, 91, 84, 30.0M, 3
‎WR4, Chimere Dike, 23, 2025, 83, 71, 83, 84, 93, 87, 1.3M, 4
‎WR5, Elic Ayomanor, 23, 2025, 86, 70, 84, 88, 91, 84, 1.3M, 4
‎WR6, K.J. Osborn, 29, 2020, 78, 80, 84, 84, 88, 77, 2.5M, 1
‎LT, JC Latham, 24, 2024, 95, 84, 91, 98, 95, 91, 5.0M, 3
‎LG, Peter Skoronski, 25, 2023, 91, 89, 92, 91, 92, 90, 4.0M, 2
‎C, Lloyd Cushenberry III, 29, 2020, 87, 91, 87, 89, 90, 87, 5.0M, 3
‎RG, Dillon Radunz, 28, 2021, 80, 76, 81, 88, 84, 79, 1.5M, 1
‎RT, Nicholas Petit-Frere, 27, 2022, 83, 79, 83, 91, 87, 82, 2.0M, 2
‎OT, Jaelyn Duncan, 25, 2023, 79, 74, 80, 87, 82, 80, 1.2M, 2
‎G, Corey Levin, 31, 2018, 75, 80, 84, 85, 81, 78, 1.0M, 1
‎K, Nick Folk, 41, 2007, 82, 97, 78, 89, 91, 9, 2.5, 1
‎K, Matthew Wright, 30, 2019, 80, 82, 86, 89, 82, 15, 1.5, 1
‎S, Kevin Byard, 33, 2016, 91, 98, 89, 92, 89, 90, 5.0, 2
‎S, Amani Hooker, 28, 2019, 89, 92, 91, 88, 91, 89, 6.0, 3
‎S, Xavier Newman-Johnson, 27, 2022, 75, 78, 83, 73, 87, 81, 1.5, 1
‎S, Mike Brown, 27, 2023, 77, 77, 85, 75, 89, 82, 1.3, 2
‎CB, L'Jarius Sneed, 29, 2020, 94, 93, 90, 95, 94, 90, 19.0, 4
‎CB, Roger McCreary, 26, 2022, 87, 82, 89, 86, 92, 84, 3.0, 3
‎CB, Jarvis Brownlee Jr., 25, 2024, 82, 77, 87, 81, 93, 80, 1.5, 2
‎CB, Gabe Jeudy-Lally, 25, 2024, 78, 75, 84, 77, 91, 78, 1.2, 2
‎DL, Jeffery Simmons, 29, 2019, 95, 94, 92, 97, 94, 94, 23.0, 4
‎DL, Harold Landry III, 30, 2018, 92, 89, 90, 89, 84, 95, 17.0, 4
‎DL, Sebastian Joseph-Day, 31, 2018, 88, 87, 90, 94, 90, 78, 4.0, 2
‎DL, T'Vondre Sweat, 26, 2024, 92, 79, 90, 99, 97, 76, 2.5, 3
‎LB, Kenneth Murray Jr., 27, 2020, 88, 84, 91, 91, 88, 84, 5.0, 3
‎LB, Cody Barton, 30, 2019, 83, 85, 90, 89, 85, 81, 2.0, 2
‎LB, Cedric Gray, 25, 2024, 88, 77, 89, 90, 87, 82, 1.8, 3
‎LB, Otis Reese IV, 25, 2024, 80, 75, 86, 85, 81, 78, 1.2, 2
‎END_PLAYERS
‎‎######################################################################  BRONCOS
‎Denver Broncos,DEN
‎QB1, Bo Nix, 26, 2024, 94, 88, 92, 89, 91, 91, 7.0M, 2
‎QB2, Jarrett Stidham, 30, 2019, 74, 78, 80, 80, 76, 69, 2.5M, 1
‎QB3, Sam Ehlinger, 28, 2021, 70, 72, 76, 77, 71, 82, 1.2M, 1
‎RB1, J.K. Dobbins, 27, 2020, 89, 87, 77, 92, 91, 88, 5.0M, 2
‎RB2, RJ Harvey, 24, 2025, 88, 74, 86, 86, 94, 91, 1.5M, 4
‎RB3, Jonah Coleman, 23, 2026, 86, 72, 87, 83, 93, 89, 1.3M, 4
‎WR1, Jaylen Waddle, 27, 2021, 96, 90, 88, 94, 99, 96, 28.0M, 4
‎WR2, Courtland Sutton, 31, 2018, 89, 91, 88, 93, 88, 80, 16.0M, 2
‎WR3, Troy Franklin, 24, 2024, 88, 75, 82, 84, 97, 91, 1.8M, 3
‎WR4, Pat Bryant, 24, 2025, 86, 71, 84, 87, 91, 82, 1.4M, 4
‎WR5, Marvin Mims, 24, 2023, 84, 75, 82, 81, 99, 94, 2.0M, 2
‎WR6, Lil'Jordan Humphrey, 28, 2019, 76, 77, 85, 82, 85, 73, 1.5M, 1
‎LT, Garett Bolles, 34, 2017, 91, 96, 91, 93, 91, 94, 18.0M, 3
‎LG, Ben Powers, 29, 2019, 85, 86, 89, 91, 90, 83, 6.0M, 2
‎C, Luke Wattenberg, 27, 2022, 80, 80, 83, 86, 84, 81, 1.5M, 2
‎RG, Quinn Meinerz, 27, 2021, 94, 91, 92, 96, 96, 90, 17.0M, 4
‎RT, Mike McGlinchey, 31, 2018, 89, 92, 90, 94, 91, 88, 18.0M, 2
‎OT, Matt Peart, 28, 2020, 80, 75, 81, 89, 84, 80, 1.2M, 1
‎G, Chris Murray, 25, 2024, 78, 74, 82, 87, 82, 78, 1.1M, 2
‎K, Wil Lutz, 32, 2016, 88, 92, 91, 92, 88, 9, 4.0, 2
‎K, Evan McPherson, 26, 2021, 91, 90, 93, 95, 89, 9, 4.5, 3
‎S, Justin Simmons, 32, 2016, 91, 98, 89, 93, 90, 89, 8.0, 2
‎S, Brandon Jones, 29, 2020, 88, 87, 91, 85, 92, 89, 6.0, 3
‎S, P.J. Locke, 29, 2019, 81, 84, 88, 79, 88, 86, 2.5, 2
‎S, Delarrin Turner-Yell, 26, 2023, 77, 76, 85, 75, 90, 82, 1.3, 2
‎CB, Pat Surtain II, 26, 2021, 99, 98, 96, 99, 96, 94, 22.0, 5
‎CB, Riley Moss, 26, 2023, 88, 82, 90, 87, 95, 83, 2.5, 3
‎CB, Ja'Quan McMillian, 26, 2023, 87, 84, 91, 88, 92, 85, 2.5, 3
‎CB, Damarri Mathis, 27, 2022, 81, 79, 86, 80, 92, 81, 1.8, 2
‎DL, Zach Allen, 29, 2019, 92, 91, 94, 94, 91, 94, 16.0, 4
‎DL, Nik Bonitto, 27, 2022, 94, 82, 91, 87, 82, 97, 10.0, 4
‎DL, D.J. Jones, 31, 2017, 84, 87, 90, 96, 92, 72, 4.0, 2
‎DL, John Franklin-Myers, 30, 2018, 84, 86, 88, 92, 87, 82, 4.0, 2
‎LB, Alex Singleton, 32, 2015, 86, 91, 89, 94, 91, 84, 3.0, 2
‎LB, Cody Barton, 30, 2019, 83, 85, 90, 89, 85, 81, 2.0, 2
‎LB, Drew Sanders, 25, 2023, 90, 78, 88, 88, 85, 84, 2.0, 3
‎LB, Justin Strnad, 29, 2020, 79, 77, 86, 84, 81, 78, 1.3, 2
‎END_PLAYERS
‎######################################################################  CHIEFS
‎Kansas City Chiefs,KC
‎QB1, Patrick Mahomes, 31, 2017, 99, 99, 94, 99, 97, 94, 59.0M, 8
‎QB2, Gardner Minshew, 30, 2019, 79, 85, 82, 81, 81, 78, 3.5M, 1
‎RB1, Kenneth Walker III, 25, 2022, 93, 86, 89, 92, 95, 91, 12.0M, 3
‎RB2, Emari Demercado, 26, 2023, 78, 72, 84, 79, 91, 85, 1.3M, 1
‎RB3, Emmett Johnson, 23, 2026, 84, 69, 84, 82, 93, 88, 1.2M, 4
‎WR1, Rashee Rice, 26, 2023, 94, 88, 86, 94, 92, 92, 12.0M, 4
‎WR2, Xavier Worthy, 23, 2024, 95, 82, 83, 88, 99, 96, 4.0M, 3
‎WR3, Tyquan Thornton, 26, 2022, 81, 73, 79, 78, 98, 87, 2.0M, 1
‎WR4, Jalen Royals, 23, 2026, 88, 70, 83, 86, 94, 90, 1.4M, 4
‎WR5, Cyrus Allen, 23, 2026, 82, 68, 81, 81, 95, 89, 1.1M, 4
‎WR6, Nikko Remigio, 26, 2023, 77, 74, 82, 82, 89, 90, 1.0M, 1
‎LT, Jaylon Moore, 27, 2021, 85, 82, 88, 89, 87, 88, 8.0M, 2
‎LG, Joe Thuney, 33, 2016, 96, 99, 91, 95, 96, 96, 16.0M, 2
‎C, Creed Humphrey, 27, 2021, 98, 98, 94, 94, 96, 98, 18.0M, 5
‎RG, Trey Smith, 27, 2021, 96, 94, 91, 98, 97, 90, 18.0M, 4
‎RT, Kingsley Suamataia, 24, 2025, 88, 78, 86, 94, 90, 86, 2.0M, 4
‎OT, Wanya Morris, 26, 2023, 79, 74, 82, 87, 82, 81, 1.3M, 2
‎G, Mike Caliendo, 26, 2022, 78, 77, 84, 84, 82, 80, 1.2M, 1
‎K, Harrison Butker, 31, 2017, 94, 96, 92, 94, 92, 7, 7.0, 3
‎K, Matthew Wright, 30, 2019, 80, 82, 86, 89, 82, 15, 1.5, 1
‎S, Bryan Cook, 27, 2022, 89, 84, 92, 84, 94, 90, 4.0, 3
‎S, Justin Reid, 29, 2018, 91, 95, 91, 90, 92, 89, 9.0, 3
‎S, Chamarri Conner, 26, 2023, 82, 79, 89, 78, 92, 86, 2.0, 3
‎S, Jaden Hicks, 24, 2024, 89, 79, 92, 84, 94, 88, 2.5, 3
‎CB, Trent McDuffie, 25, 2022, 96, 94, 94, 96, 95, 91, 12.0, 4
‎CB, Jaylen Watson, 28, 2022, 87, 83, 91, 86, 93, 85, 3.5, 2
‎CB, Joshua Williams, 27, 2022, 84, 79, 90, 83, 94, 82, 2.5, 2
‎CB, Nazeeh Johnson, 26, 2022, 79, 77, 87, 78, 92, 80, 1.5, 2
‎DL, Chris Jones, 32, 2016, 99, 99, 94, 97, 93, 99, 31.0, 4
‎DL, George Karlaftis, 26, 2022, 91, 84, 92, 93, 88, 94, 5.0, 4
‎DL, Charles Omenihu, 29, 2019, 86, 82, 87, 91, 85, 88, 3.0, 2
‎DL, Tershawn Wharton, 28, 2020, 84, 81, 90, 91, 87, 84, 2.5, 2
‎LB, Nick Bolton, 26, 2021, 93, 94, 94, 96, 93, 87, 12.0, 4
‎LB, Drue Tranquill, 31, 2019, 87, 90, 92, 91, 88, 88, 5.0, 3
‎LB, Leo Chenal, 26, 2022, 89, 82, 92, 92, 90, 79, 3.0, 3
‎LB, Jack Cochrane, 27, 2022, 80, 77, 87, 85, 82, 79, 1.2, 2
‎END_PLAYERS
‎‎######################################################################  RAIDERS
‎Las Vegas Raiders,LV
‎QB1, Kirk Cousins, 38, 2012, 83, 94, 82, 91, 91, 60, 20.0M, 2
‎QB2, Fernando Mendoza, 23, 2026, 91, 75, 87, 93, 88, 78, 5.5M, 4
‎QB3, Aidan O'Connell, 27, 2023, 76, 78, 80, 80, 79, 63, 2.0M, 1
‎RB1, Ashton Jeanty, 22, 2025, 96, 82, 90, 94, 96, 95, 8.0M, 4
‎RB2, Mike Washington Jr., 24, 2026, 82, 69, 83, 80, 94, 88, 1.2M, 4
‎RB3, Dylan Laube, 26, 2024, 76, 73, 80, 76, 88, 83, 1.0M, 2
‎WR1, Tre Tucker, 25, 2023, 87, 81, 85, 88, 96, 93, 3.0M, 3
‎WR2, Jalen Nailor, 27, 2022, 82, 76, 82, 84, 94, 86, 2.0M, 1
‎WR3, Jack Bech, 24, 2025, 85, 73, 84, 87, 90, 84, 1.3M, 4
‎WR4, Malik Benson, 23, 2026, 86, 69, 82, 84, 96, 91, 1.2M, 4
‎WR5, Dont'e Thornton Jr., 25, 2025, 84, 70, 80, 82, 99, 88, 1.3M, 4
‎LT, Kolton Miller, 31, 2018, 90, 94, 90, 93, 90, 93, 17.0M, 2
‎LG, Dylan Parham, 27, 2022, 84, 83, 87, 88, 87, 84, 4.0M, 2
‎C, Jackson Powers-Johnson, 25, 2024, 93, 91, 92, 93, 94, 90, 2.0M, 3
‎RG, Dylan Parham, 27, 2022, 84, 83, 87, 88, 87, 84, 4.0M, 2
‎RT, DJ Glaze, 24, 2024, 84, 76, 84, 91, 87, 83, 1.5M, 3
‎OT, Thayer Munford Jr., 27, 2022, 81, 79, 85, 90, 86, 81, 2.0M, 2
‎G, Jordan Meredith, 27, 2020, 76, 73, 82, 85, 81, 77, 1.0M, 1
‎K, Daniel Carlson, 31, 2018, 94, 95, 94, 94, 93, 6, 5.0, 4
‎K, Anders Carlson, 28, 2023, 82, 78, 88, 93, 78, 19, 1.5, 1
‎S, Tre'von Moehrig, 27, 2021, 89, 89, 91, 87, 93, 87, 5.0, 3
‎S, Marcus Epps, 31, 2019, 83, 88, 88, 80, 89, 88, 3.5, 2
‎S, Isaiah Pola-Mao, 26, 2022, 80, 78, 87, 77, 91, 84, 1.5, 2
‎S, Chris Smith II, 25, 2023, 77, 76, 84, 75, 89, 81, 1.2, 2
‎CB, Jack Jones, 28, 2022, 86, 84, 87, 88, 92, 81, 3.0, 2
‎CB, Jakorian Bennett, 26, 2023, 84, 78, 88, 82, 95, 80, 2.0, 2
‎CB, Decamerion Richardson, 24, 2025, 88, 76, 89, 84, 97, 82, 1.8, 3
‎CB, Nate Hobbs, 27, 2021, 87, 86, 90, 88, 93, 86, 4.0, 2
‎DL, Maxx Crosby, 29, 2019, 98, 95, 93, 94, 91, 99, 30.0, 4
‎DL, Christian Wilkins, 30, 2019, 92, 91, 90, 97, 94, 86, 20.0, 4
‎DL, Tyree Wilson, 26, 2023, 92, 80, 89, 96, 89, 92, 10.0, 4
‎DL, Adam Butler, 32, 2017, 81, 85, 87, 91, 85, 78, 2.0, 2
‎LB, Robert Spillane, 30, 2018, 87, 91, 92, 94, 91, 84, 4.5, 2
‎LB, Divine Deablo, 29, 2021, 84, 82, 91, 89, 86, 82, 3.0, 2
‎LB, Amari Burney, 26, 2023, 80, 76, 86, 84, 81, 77, 1.3, 2
‎LB, Luke Masterson, 26, 2022, 79, 75, 87, 84, 81, 78, 1.2, 2
‎END_PLAYERS
‎‎######################################################################  CHARGERS
‎Los Angeles Chargers,LAC
‎QB1, Justin Herbert, 28, 2020, 98, 94, 94, 99, 94, 88, 52.5M, 5
‎QB2, Trey Lance, 26, 2021, 82, 72, 75, 90, 77, 91, 3.0M, 1
‎RB1, Omarion Hampton, 23, 2025, 94, 80, 89, 93, 95, 92, 3.0M, 4
‎RB2, Keaton Mitchell, 28, 2023, 84, 73, 76, 78, 98, 94, 2.0M, 1
‎RB3, Kimani Vidal, 25, 2024, 82, 72, 83, 79, 92, 89, 1.2M, 2
‎WR1, Ladd McConkey, 25, 2024, 94, 91, 90, 95, 93, 94, 5.0M, 3
‎WR2, Quentin Johnston, 24, 2023, 87, 76, 87, 86, 94, 82, 4.0M, 2
‎WR3, Tre Harris, 23, 2025, 90, 72, 84, 89, 94, 88, 1.5M, 4
‎WR4, Brenen Thompson, 24, 2025, 83, 68, 80, 79, 99, 91, 1.2M, 4
‎WR5, KeAndre Lambert-Smith, 23, 2025, 82, 69, 82, 82, 96, 87, 1.1M, 4
‎WR6, Derius Davis, 25, 2023, 78, 72, 78, 80, 98, 94, 1.2M, 2
‎LT, Rashawn Slater, 27, 2021, 96, 95, 89, 96, 95, 97, 22.0M, 4
‎LG, Jamaree Salyer, 26, 2022, 85, 82, 88, 91, 88, 84, 3.0M, 2
‎C, Bradley Bozeman, 31, 2018, 84, 92, 87, 89, 88, 85, 4.0M, 2
‎RG, Zion Johnson, 26, 2022, 88, 86, 90, 94, 91, 85, 3.5M, 2
‎RT, Joe Alt, 23, 2024, 97, 90, 93, 97, 96, 95, 4.0M, 3
‎OT, Trey Pipkins III, 29, 2019, 81, 80, 85, 89, 85, 81, 3.0M, 1
‎G, Mekhi Becton, 27, 2020, 84, 76, 78, 97, 89, 81, 3.0M, 1
‎K, Cameron Dicker, 25, 2022, 93, 91, 94, 91, 94, 6, 4.0, 3
‎K, Matthew Wright, 30, 2019, 80, 82, 86, 89, 82, 15, 1.5, 1
‎S, Derwin James Jr., 30, 2018, 96, 97, 86, 92, 93, 95, 17.0, 3
‎S, Tony Jefferson, 34, 2013, 84, 94, 82, 84, 84, 92, 2.5, 1
‎S, Alohi Gilman, 28, 2020, 83, 87, 88, 80, 91, 87, 3.0, 2
‎S, JT Woods, 26, 2022, 80, 76, 84, 77, 95, 78, 1.5, 2
‎CB, Tarheeb Still, 25, 2024, 90, 80, 91, 91, 95, 83, 2.5, 3
‎CB, Asante Samuel Jr., 26, 2021, 88, 85, 87, 89, 93, 81, 4.0, 2
‎CB, Cam Hart, 25, 2024, 86, 77, 90, 84, 95, 82, 2.0, 3
‎CB, Deane Leonard, 26, 2022, 80, 76, 86, 79, 92, 80, 1.5, 2
‎DL, Tuli Tuipulotu, 26, 2023, 93, 82, 91, 91, 86, 96, 5.0, 3
‎DL, Khalil Mack, 35, 2014, 94, 98, 84, 94, 89, 97, 8.0, 2
‎DL, Teair Tart, 29, 2020, 83, 81, 88, 94, 90, 72, 2.0, 2
‎DL, Poona Ford, 30, 2018, 84, 83, 90, 93, 89, 77, 2.5, 2
‎LB, Daiyan Henley, 26, 2023, 90, 80, 91, 91, 87, 87, 2.5, 3
‎LB, Denzel Perryman, 33, 2015, 86, 94, 87, 95, 92, 80, 3.0, 1
‎LB, Junior Colson, 24, 2024, 89, 78, 91, 89, 87, 82, 2.0, 3
‎LB, Troy Dye, 29, 2020, 80, 79, 86, 85, 82, 80, 1.5, 2
‎END_PLAYERS
‎######################################################################  BEARS
‎Chicago Bears,CHI
‎QB1, Caleb Williams, 25, 2024, 97, 88, 91, 94, 91, 96, 9.0M, 2
‎QB2, Tyson Bagent, 25, 2023, 74, 75, 82, 78, 78, 78, 1.5M, 1
‎RB1, D'Andre Swift, 27, 2020, 90, 88, 85, 82, 95, 94, 9.0M, 3
‎RB2, Kyle Monangai, 23, 2025, 87, 73, 86, 91, 89, 87, 1.3M, 4
‎RB3, Roschon Johnson, 25, 2023, 81, 77, 87, 88, 85, 82, 1.5M, 2
‎WR1, Rome Odunze, 24, 2024, 95, 88, 90, 94, 93, 87, 7.0M, 3
‎WR2, Luther Burden III, 22, 2026, 93, 73, 84, 92, 95, 94, 2.0M, 4
‎WR3, Kalif Raymond, 32, 2016, 79, 84, 82, 86, 94, 91, 2.0M, 1
‎WR4, Jahdae Walker, 23, 2026, 82, 68, 81, 82, 93, 88, 1.2M, 4
‎WR5, Zavion Thomas, 23, 2026, 83, 67, 82, 81, 97, 93, 1.1M, 4
‎WR6, Scotty Miller, 29, 2019, 76, 73, 78, 80, 94, 87, 1.2M, 1
‎LT, Braxton Jones, 27, 2022, 83, 84, 85, 87, 84, 83, 5.0, 2
‎LG, Joe Thuney, 33, 2016, 95, 98, 91, 94, 94, 95, 18.0, 2
‎C, Drew Dalman, 28, 2021, 81, 89, 87, 84, 80, 83, 6.0, 2
‎RG, Jonah Jackson, 29, 2020, 87, 91, 89, 90, 87, 85, 11.0, 3
‎RT, Darnell Wright, 25, 2023, 91, 87, 94, 94, 90, 89, 5.0, 3
‎G, Matt Pryor, 31, 2018, 75, 83, 81, 88, 81, 76, 2.5, 1
‎K, Cairo Santos, 34, 2014, 88, 94, 91, 88, 91, 7, 3.5, 2
‎K, Jake Moody, 26, 2023, 88, 82, 89, 94, 84, 14, 3.0, 2
‎S, Jaquan Brisker, 27, 2022, 91, 88, 90, 85, 94, 93, 5.0, 3
‎S, Kevin Byard, 33, 2016, 91, 98, 89, 92, 89, 90, 5.0, 2
‎S, Jonathan Owens, 31, 2018, 79, 82, 88, 77, 91, 84, 2.0, 1
‎S, Elijah Hicks, 25, 2022, 80, 80, 87, 78, 91, 83, 1.5, 2
‎CB, Jaylon Johnson, 27, 2020, 95, 94, 93, 97, 94, 88, 13.0, 4
‎CB, Kyler Gordon, 26, 2022, 91, 86, 91, 91, 94, 84, 5.0, 3
‎CB, Tyrique Stevenson, 26, 2023, 91, 80, 89, 89, 96, 86, 3.5, 3
‎CB, Terell Smith, 25, 2023, 82, 76, 85, 81, 93, 82, 1.5, 2
‎DL, Montez Sweat, 30, 2019, 93, 90, 92, 91, 89, 96, 12.0, 4
‎DL, Gervon Dexter, 25, 2023, 91, 80, 92, 96, 90, 88, 3.5, 3
‎DL, Andrew Billings, 31, 2016, 80, 85, 89, 97, 93, 67, 2.5, 2
‎DL, Austin Booker, 23, 2024, 88, 75, 90, 88, 83, 91, 2.0, 3
‎LB, Tremaine Edmunds, 28, 2018, 91, 89, 91, 93, 91, 88, 12.0, 3
‎LB, T.J. Edwards, 30, 2019, 88, 91, 93, 94, 91, 85, 7.0, 3
‎LB, Jack Sanborn, 26, 2022, 83, 80, 87, 88, 85, 78, 2.0, 2
‎LB, Noah Sewell, 23, 2023, 88, 78, 91, 91, 90, 76, 2.0, 3
‎END_PLAYERS
‎‎######################################################################  LIONS
‎Detroit Lions,DET
‎QB1, Jared Goff, 32, 2016, 91, 94, 92, 94, 94, 62, 53.0M, 4
‎QB2, Hendon Hooker, 28, 2023, 80, 75, 82, 88, 79, 83, 1.8M, 2
‎RB1, Jahmyr Gibbs, 24, 2023, 98, 89, 88, 85, 98, 97, 16.0M, 4
‎RB2, Isiah Pacheco, 27, 2022, 88, 83, 84, 94, 91, 87, 5.0M, 2
‎RB3, Sione Vaki, 24, 2024, 80, 71, 82, 80, 88, 83, 1.2M, 2
‎WR1, Amon-Ra St. Brown, 26, 2021, 98, 97, 92, 98, 94, 95, 30.0M, 4
‎WR2, Jameson Williams, 27, 2022, 94, 84, 81, 87, 99, 94, 17.0M, 3
‎WR3, Isaac TeSlaa, 24, 2025, 87, 72, 84, 87, 93, 84, 1.5M, 4
‎WR4, Greg Dortch, 28, 2019, 80, 79, 80, 86, 94, 93, 1.5M, 1
‎WR5, Kendrick Law, 23, 2026, 83, 69, 82, 82, 96, 91, 1.2M, 4
‎WR6, Tom Kennedy, 29, 2019, 73, 72, 80, 78, 87, 74, 1.0M, 1
‎LT, Taylor Decker, 33, 2016, 90, 95, 91, 92, 89, 94, 15.0, 2
‎LG, Graham Glasgow, 34, 2015, 84, 96, 86, 91, 88, 85, 5.0, 1
‎C, Frank Ragnow, 30, 2018, 97, 99, 92, 96, 96, 94, 15.0, 3
‎RG, Kevin Zeitler, 36, 2012, 89, 98, 87, 94, 92, 89, 5.0, 1
‎RT, Penei Sewell, 26, 2021, 99, 97, 97, 98, 97, 97, 30.0, 5
‎G, Christian Mahogany, 25, 2024, 82, 82, 87, 94, 90, 78, 2.5, 3
‎K, Jake Bates, 27, 2024, 92, 84, 93, 97, 90, 7, 4.0, 3
‎K, Michael Badgley, 31, 2018, 79, 83, 84, 88, 80, 16, 1.5, 1
‎S, Kerby Joseph, 25, 2022, 94, 91, 93, 94, 94, 84, 7.0, 3
‎S, Brian Branch, 25, 2023, 96, 91, 94, 93, 94, 91, 5.0, 4
‎S, Ifeatu Melifonwu, 27, 2021, 84, 80, 84, 80, 94, 87, 2.0, 2
‎S, Brandon Joseph, 25, 2023, 76, 75, 84, 74, 91, 81, 1.2, 2
‎CB, Terrion Arnold, 22, 2024, 96, 82, 93, 95, 96, 88, 4.5, 4
‎CB, Ennis Rakestraw Jr., 23, 2024, 89, 78, 89, 87, 94, 87, 2.5, 3
‎CB, Amik Robertson, 28, 2020, 83, 84, 88, 83, 91, 84, 2.5, 2
‎CB, Rock Ya-Sin, 31, 2019, 80, 82, 85, 80, 91, 83, 2.0, 1
‎DL, Aidan Hutchinson, 26, 2022, 98, 92, 91, 94, 94, 98, 30.0, 5
‎DL, Alim McNeill, 26, 2021, 91, 83, 91, 97, 94, 84, 10.0, 4
‎DL, D.J. Reader, 32, 2016, 88, 94, 86, 98, 96, 73, 6.0, 2
‎DL, Levi Onwuzurike, 28, 2021, 82, 77, 84, 92, 85, 79, 2.0, 2
‎LB, Alex Anzalone, 31, 2017, 85, 94, 91, 92, 90, 84, 4.5, 2
‎LB, Jack Campbell, 26, 2023, 93, 83, 94, 94, 92, 89, 4.0, 4
‎LB, Malcolm Rodriguez, 27, 2022, 82, 79, 87, 89, 86, 80, 2.0, 2
‎LB, Derrick Barnes, 27, 2021, 81, 78, 86, 87, 84, 79, 1.8, 2
‎END_PLAYERS
‎‎######################################################################  PACKERS
‎Green Bay Packers,GB
‎QB1, Jordan Love, 28, 2020, 94, 90, 88, 95, 90, 87, 55.0M, 4
‎QB2, Malik Willis, 27, 2022, 82, 78, 87, 86, 78, 96, 3.0M, 2
‎RB1, Josh Jacobs, 28, 2019, 92, 94, 91, 95, 89, 86, 14.0M, 4
‎RB2, MarShawn Lloyd, 25, 2024, 86, 73, 76, 89, 93, 89, 1.5M, 3
‎RB3, Chris Brooks, 26, 2023, 78, 70, 82, 88, 84, 80, 1.0M, 1
‎WR1, Christian Watson, 27, 2022, 92, 83, 73, 89, 98, 88, 15.0M, 3
‎WR2, Jayden Reed, 26, 2023, 93, 88, 87, 93, 95, 96, 5.0M, 3
‎WR3, Matthew Golden, 22, 2026, 94, 71, 83, 89, 98, 93, 2.0M, 4
‎WR4, Savion Williams, 23, 2026, 87, 69, 84, 86, 93, 87, 1.3M, 4
‎WR5, Skyy Moore, 26, 2022, 78, 73, 78, 80, 90, 87, 1.5M, 1
‎WR6, Bo Melton, 27, 2022, 77, 72, 81, 80, 95, 88, 1.2M, 1
‎LT, Rasheed Walker, 25, 2022, 84, 82, 87, 89, 84, 84, 6.0, 2
‎LG, Elgton Jenkins, 31, 2019, 89, 92, 82, 94, 91, 87, 10.0, 2
‎C, Josh Myers, 27, 2021, 83, 89, 88, 88, 84, 82, 4.5, 2
‎RG, Sean Rhyan, 26, 2022, 82, 82, 87, 94, 91, 76, 4.0, 2
‎RT, Zach Tom, 27, 2022, 94, 94, 94, 91, 88, 94, 15.0, 4
‎G, Jordan Morgan, 25, 2024, 89, 84, 87, 93, 88, 86, 5.0, 3
‎K, Brandon McManus, 35, 2014, 88, 94, 87, 94, 87, 10, 3.5, 2
‎K, Alex Hale, 24, 2025, 79, 75, 85, 91, 77, 18, 1.2, 2
‎S, Xavier McKinney, 27, 2020, 95, 95, 94, 95, 93, 91, 16.0, 4
‎S, Evan Williams, 25, 2024, 88, 79, 92, 84, 94, 89, 2.0, 3
‎S, Javon Bullard, 23, 2024, 89, 80, 90, 87, 94, 88, 2.0, 3
‎S, Kitan Oladapo, 25, 2024, 80, 76, 87, 78, 90, 83, 1.3, 2
‎CB, Jaire Alexander, 29, 2018, 94, 96, 87, 96, 95, 84, 15.0, 3
‎CB, Keisean Nixon, 29, 2019, 88, 88, 91, 87, 94, 86, 4.0, 2
‎CB, Carrington Valentine, 24, 2023, 88, 78, 90, 86, 95, 84, 2.0, 3
‎CB, Kalen King, 23, 2024, 82, 75, 85, 81, 93, 80, 1.5, 3
‎DL, Rashan Gary, 30, 2019, 94, 90, 92, 94, 91, 97, 20.0, 4
‎DL, Kenny Clark, 30, 2016, 89, 93, 91, 96, 94, 82, 8.0, 3
‎DL, Devonte Wyatt, 27, 2022, 90, 82, 91, 93, 88, 90, 4.0, 3
‎DL, Colby Wooden, 25, 2023, 82, 77, 88, 90, 84, 78, 1.5, 2
‎LB, Edgerrin Cooper, 25, 2024, 94, 80, 93, 94, 91, 88, 3.0, 4
‎LB, Quay Walker, 26, 2022, 89, 81, 91, 90, 87, 84, 4.5, 3
‎LB, Isaiah McDuffie, 28, 2021, 82, 83, 90, 88, 84, 79, 2.5, 2
‎LB, Ty'Ron Hopper, 26, 2023, 83, 77, 87, 87, 83, 80, 1.8, 2
‎END_PLAYERS
‎‎######################################################################  VIKINGS
‎Minnesota Vikings,MIN
‎QB1, Kyler Murray, 29, 2019, 91, 91, 84, 91, 89, 98, 35.0M, 2
‎QB2, Carson Wentz, 33, 2016, 77, 84, 76, 88, 78, 78, 3.0M, 1
‎QB3, J.J. McCarthy, 23, 2024, 91, 78, 82, 89, 84, 86, 4.0M, 3
‎RB1, Aaron Jones Sr., 31, 2017, 87, 95, 83, 86, 91, 92, 7.0M, 2
‎RB2, Jordan Mason, 27, 2022, 87, 79, 88, 94, 89, 83, 4.0M, 2
‎RB3, Demond Claiborne, 23, 2026, 84, 70, 84, 84, 92, 88, 1.2M, 4
‎WR1, Justin Jefferson, 27, 2020, 99, 99, 94, 99, 96, 97, 35.0M, 4
‎WR2, Jordan Addison, 24, 2023, 92, 89, 87, 93, 95, 92, 5.0M, 3
‎WR3, Jauan Jennings, 29, 2020, 86, 86, 90, 89, 87, 83, 8.0M, 3
‎WR4, Tai Felton, 23, 2026, 88, 70, 83, 87, 97, 91, 1.4M, 4
‎WR5, Dontae Fleming, 23, 2026, 81, 68, 82, 81, 93, 88, 1.1M, 4
‎WR6, Jeshaun Jones, 26, 2022, 77, 73, 80, 81, 88, 84, 1.0M, 1
‎LT, Christian Darrisaw, 27, 2021, 96, 94, 91, 96, 93, 96, 20.0, 4
‎LG, Blake Brandel, 29, 2020, 78, 84, 86, 88, 82, 80, 3.0, 2
‎C, Garrett Bradbury, 31, 2019, 84, 91, 89, 86, 84, 85, 5.5, 2
‎RG, Will Fries, 27, 2021, 85, 85, 89, 92, 87, 82, 6.0, 2
‎RT, Brian O'Neill, 31, 2018, 93, 95, 92, 94, 90, 95, 17.0, 3
‎G, Dalton Risner, 31, 2019, 82, 90, 88, 91, 87, 78, 4.0, 2
‎K, Will Reichard, 25, 2024, 93, 84, 92, 92, 93, 6, 2.5, 3
‎K, John Parker Romo, 28, 2022, 81, 80, 86, 90, 82, 16, 1.2, 1
‎S, Harrison Smith, 37, 2012, 88, 99, 85, 91, 86, 91, 3.0, 1
‎S, Cam Bynum, 28, 2021, 91, 92, 93, 90, 91, 88, 8.0, 4
‎S, Josh Metellus, 28, 2020, 92, 91, 95, 88, 93, 94, 7.0, 3
‎S, Theo Jackson, 27, 2022, 79, 80, 88, 77, 90, 84, 1.5, 2
‎CB, Byron Murphy Jr., 29, 2019, 92, 92, 91, 94, 93, 85, 8.0, 3
‎CB, Mekhi Blackmon, 26, 2023, 88, 80, 86, 87, 95, 81, 2.0, 3
‎CB, Isaiah Rodgers, 29, 2020, 85, 82, 89, 84, 96, 83, 2.5, 2
‎CB, Dwight McGlothern, 25, 2025, 86, 76, 88, 82, 95, 80, 1.3, 3
‎DL, Jonathan Greenard, 29, 2019, 92, 88, 91, 91, 88, 95, 12.0, 4
‎DL, Harrison Phillips, 30, 2018, 88, 89, 93, 97, 95, 76, 8.0, 3
‎DL, Jonathan Allen, 31, 2017, 91, 96, 89, 95, 93, 91, 12.0, 3
‎DL, Dallas Turner, 24, 2024, 95, 78, 92, 89, 85, 97, 4.0, 4
‎LB, Ivan Pace Jr., 25, 2023, 89, 82, 90, 92, 88, 84, 2.5, 3
‎LB, Blake Cashman, 30, 2019, 86, 87, 91, 91, 87, 86, 4.0, 2
‎LB, Brian Asamoah II, 26, 2022, 86, 79, 87, 88, 84, 83, 2.5, 2
‎LB, Dallas Gant, 24, 2025, 84, 75, 88, 86, 83, 78, 1.5, 3
‎END_PLAYERS
‎######################################################################  COWBOYS
‎Dallas Cowboys,DAL
‎QB1, Dak Prescott, 33, 2016, 91, 94, 87, 94, 92, 78, 60.0M, 4
‎QB2, Joe Milton III, 26, 2024, 82, 70, 82, 99, 72, 89, 1.5M, 2
‎RB1, Javonte Williams, 26, 2021, 90, 87, 88, 93, 88, 88, 10.0M, 3
‎RB2, Jaydon Blue, 23, 2025, 87, 72, 83, 79, 96, 91, 1.3M, 4
‎RB3, Phil Mafah, 23, 2026, 84, 70, 85, 91, 86, 82, 1.2M, 4
‎WR1, CeeDee Lamb, 27, 2020, 98, 96, 91, 97, 94, 94, 34.0M, 4
‎WR2, George Pickens, 25, 2022, 92, 84, 88, 91, 95, 88, 13.0M, 2
‎WR3, Ryan Flournoy, 26, 2024, 82, 71, 82, 83, 91, 83, 1.2M, 2
‎WR4, KaVontae Turpin, 30, 2022, 80, 78, 79, 84, 98, 96, 3.0M, 2
‎WR5, Marquez Valdes-Scantling, 32, 2018, 76, 74, 80, 78, 97, 76, 2.0M, 1
‎WR6, Tyler Johnson, 27, 2020, 77, 77, 85, 83, 86, 76, 1.5M, 1
‎LT, Tyler Smith, 26, 2022, 95, 90, 94, 96, 93, 91, 16.0, 4
‎LG, Tyler Guyton, 25, 2024, 91, 82, 89, 95, 90, 86, 5.0, 3
‎C, Cooper Beebe, 25, 2024, 91, 89, 93, 94, 92, 88, 4.0, 3
‎RG, Zack Martin, 36, 2014, 89, 99, 82, 95, 93, 88, 10.0, 1
‎RT, Terence Steele, 29, 2020, 87, 89, 90, 92, 87, 87, 10.0, 3
‎G, Brock Hoffman, 27, 2023, 77, 82, 87, 86, 82, 78, 3.0, 2
‎K, Brandon Aubrey, 31, 2023, 99, 92, 96, 99, 96, 3, 5.5, 4
‎K, Tristan Vizcaino, 30, 2020, 75, 75, 84, 88, 75, 20, 1.2, 1
‎S, Donovan Wilson, 31, 2019, 86, 89, 91, 84, 90, 92, 4.5, 2
‎S, Malik Hooker, 30, 2017, 87, 93, 88, 89, 91, 82, 4.0, 2
‎S, Juanyeh Thomas, 26, 2023, 78, 76, 86, 76, 92, 84, 1.5, 2
‎S, Markquese Bell, 27, 2022, 81, 80, 88, 78, 91, 86, 1.8, 2
‎CB, DaRon Bland, 27, 2022, 96, 91, 91, 97, 95, 87, 8.0, 4
‎CB, Trevon Diggs, 33, 2020, 91, 90, 85, 94, 93, 82, 12.0, 3
‎CB, DaRon Bland, 27, 2022, 96, 91, 91, 97, 95, 87, 8.0, 4
‎CB, Caelen Carson, 25, 2024, 84, 77, 88, 82, 92, 81, 1.5, 2
‎DL, Micah Parsons, 27, 2021, 99, 98, 94, 95, 96, 99, 34.0, 4
‎DL, Osa Odighizuwa, 27, 2021, 88, 85, 91, 89, 87, 90, 7.0, 3
‎DL, Mazi Smith, 25, 2023, 87, 78, 92, 96, 92, 76, 3.0, 3
‎DL, Chauncey Golston, 27, 2021, 82, 80, 87, 87, 84, 81, 2.0, 2
‎LB, DeMarvion Overshown, 26, 2023, 91, 83, 90, 91, 88, 86, 3.0, 3
‎LB, Eric Kendricks, 34, 2015, 88, 97, 87, 93, 89, 91, 2.5, 1
‎LB, Damone Clark, 26, 2022, 83, 79, 89, 86, 84, 78, 2.0, 2
‎LB, Marist Liufau, 26, 2024, 82, 76, 88, 84, 83, 80, 1.5, 3
‎END_PLAYERS
‎‎######################################################################  GIANTS
‎New York Giants,NYG
‎QB1, Jaxson Dart, 23, 2026, 94, 78, 90, 92, 87, 92, 7.0M, 4
‎QB2, Jameis Winston, 32, 2015, 80, 86, 79, 94, 77, 76, 4.0M, 1
‎RB1, Cam Skattebo, 23, 2025, 90, 78, 86, 92, 89, 90, 1.5M, 4
‎RB2, Tyrone Tracy Jr., 26, 2024, 87, 77, 82, 83, 93, 91, 1.2M, 3
‎RB3, Najee Harris, 28, 2021, 88, 91, 88, 92, 85, 83, 9.0M, 2
‎RB4, Devin Singletary, 28, 2019, 80, 84, 86, 82, 88, 86, 3.5M, 2
‎WR1, Malik Nabers, 23, 2024, 98, 91, 82, 96, 97, 97, 30.0M, 4
‎WR2, Malachi Fields, 23, 2026, 91, 70, 84, 91, 94, 92, 1.6M, 4
‎WR3, Darnell Mooney, 28, 2020, 84, 79, 83, 84, 96, 89, 9.0M, 2
‎WR4, Darius Slayton, 29, 2019, 80, 78, 84, 81, 95, 78, 3.0M, 1
‎WR5, Isaiah Hodgins, 27, 2020, 76, 75, 83, 82, 84, 75, 1.2M, 1
‎WR6, Odell Beckham Jr., 33, 2014, 78, 88, 65, 87, 83, 91, 2.0M, 1
‎LT, Andrew Thomas, 27, 2020, 97, 96, 90, 96, 93, 98, 22.0, 4
‎LG, Jon Runyan Jr., 27, 2020, 83, 88, 90, 89, 86, 82, 6.0, 2
‎C, John Michael Schmitz, 26, 2023, 88, 87, 90, 90, 86, 84, 4.0, 3
‎RG, Greg Van Roten, 36, 2015, 80, 93, 83, 89, 84, 80, 3.0, 1
‎RT, Jermaine Eluemunor, 31, 2017, 83, 89, 88, 92, 86, 84, 6.0, 2
‎G, Aaron Stinnie, 32, 2018, 76, 86, 82, 88, 82, 76, 2.5, 1
‎K, Graham Gano, 39, 2009, 84, 94, 79, 91, 87, 10, 2.5, 1
‎K, Jude McAtamney, 26, 2024, 78, 76, 85, 89, 78, 19, 1.2, 2
‎S, Jevon Holland, 26, 2021, 93, 92, 92, 92, 94, 88, 10.0, 4
‎S, Tyler Nubin, 25, 2024, 90, 81, 93, 87, 92, 90, 2.5, 3
‎S, Dane Belton, 26, 2022, 81, 80, 87, 79, 91, 84, 1.8, 2
‎S, Jason Pinnock, 27, 2022, 82, 82, 86, 80, 93, 85, 2.0, 2
‎CB, Deonte Banks, 26, 2023, 91, 83, 89, 92, 96, 84, 4.5, 3
‎CB, Dru Phillips, 24, 2024, 90, 79, 91, 89, 97, 82, 2.5, 3
‎CB, Cor'Dale Flott, 25, 2022, 82, 78, 87, 81, 93, 80, 1.8, 2
‎CB, Andru Phillips, 24, 2024, 86, 76, 88, 84, 95, 82, 1.5, 3
‎DL, Dexter Lawrence, 28, 2019, 98, 97, 95, 98, 96, 96, 23.0, 4
‎DL, Brian Burns, 28, 2019, 94, 93, 91, 89, 88, 97, 28.0, 5
‎DL, Kayvon Thibodeaux, 26, 2022, 92, 82, 90, 91, 87, 94, 10.0, 4
‎DL, Rakeem Nunez-Roches, 32, 2015, 79, 85, 87, 90, 87, 70, 2.5, 2
‎LB, Bobby Okereke, 30, 2019, 88, 93, 91, 91, 88, 87, 7.0, 3
‎LB, Micah McFadden, 26, 2022, 85, 80, 88, 89, 86, 78, 2.5, 2
‎LB, Brian Burns, 28, 2019, 94, 93, 91, 89, 88, 97, 28.0, 5
‎LB, Dyontae Johnson, 25, 2023, 79, 76, 85, 83, 80, 75, 1.3, 2
‎END_PLAYERS
‎‎######################################################################  EAGLES
‎Philadelphia Eagles,PHI
‎QB1, Jalen Hurts, 28, 2020, 97, 94, 91, 91, 89, 96, 51.0M, 5
‎QB2, Tanner McKee, 26, 2023, 80, 78, 84, 84, 82, 68, 1.5M, 2
‎QB3, Sam Howell, 26, 2022, 78, 75, 79, 84, 78, 82, 2.0M, 1
‎RB1, Saquon Barkley, 29, 2018, 95, 96, 87, 93, 95, 95, 18.0M, 2
‎RB2, Tank Bigsby, 25, 2023, 84, 75, 87, 93, 87, 82, 2.0M, 2
‎RB3, Will Shipley, 23, 2024, 82, 74, 85, 78, 92, 91, 1.2M, 3
‎WR1, DeVonta Smith, 27, 2021, 96, 94, 91, 97, 95, 94, 25.0M, 4
‎WR2, Makai Lemon, 23, 2026, 91, 71, 84, 90, 96, 94, 1.6M, 4
‎WR3, Dontayvion Wicks, 25, 2023, 87, 78, 82, 87, 93, 88, 3.0M, 2
‎WR4, Hollywood Brown, 29, 2019, 86, 83, 79, 86, 98, 92, 5.0M, 1
‎WR5, Johnny Wilson, 24, 2024, 85, 73, 86, 83, 91, 77, 1.4M, 3
‎LT, Jordan Mailata, 29, 2018, 96, 93, 92, 99, 98, 91, 18.0, 3
‎LG, Landon Dickerson, 27, 2021, 95, 92, 90, 97, 96, 89, 17.0, 4
‎C, Cam Jurgens, 27, 2022, 92, 89, 93, 94, 93, 87, 14.0, 4
‎RG, Tyler Steen, 26, 2023, 84, 82, 87, 91, 86, 80, 3.0, 2
‎RT, Lane Johnson, 36, 2013, 96, 99, 89, 96, 93, 98, 15.0, 2
‎G, Mekhi Becton, 27, 2020, 84, 79, 82, 98, 91, 79, 4.0, 2
‎K, Jake Elliott, 31, 2017, 93, 96, 92, 92, 93, 6, 5.0, 4
‎K, Jake Elliott, 31, 2017, 93, 96, 92, 92, 93, 6, 5.0, 4
‎S, Reed Blankenship, 27, 2022, 88, 89, 92, 87, 90, 91, 4.0, 3
‎S, Sydney Brown, 26, 2023, 87, 79, 86, 81, 96, 87, 2.5, 3
‎S, Cooper DeJean, 23, 2024, 95, 85, 94, 93, 95, 89, 3.5, 4
‎S, Lewis Cine, 27, 2022, 81, 77, 84, 78, 94, 86, 1.5, 2
‎CB, Quinyon Mitchell, 25, 2024, 96, 84, 94, 97, 96, 87, 4.0, 4
‎CB, Darius Slay, 35, 2013, 90, 97, 84, 94, 91, 82, 4.0, 1
‎CB, Adoree' Jackson, 30, 2017, 84, 88, 86, 85, 94, 80, 3.0, 1
‎CB, Kelee Ringo, 23, 2023, 89, 78, 91, 86, 95, 86, 2.0, 3
‎DL, Jalen Carter, 25, 2023, 98, 91, 94, 97, 95, 96, 18.0, 4
‎DL, Jordan Davis, 26, 2022, 91, 83, 91, 99, 96, 82, 10.0, 4
‎DL, Milton Williams, 26, 2021, 90, 84, 92, 91, 87, 91, 8.0, 4
‎DL, Moro Ojomo, 25, 2023, 84, 77, 89, 91, 86, 78, 1.8, 2
‎LB, Zack Baun, 29, 2020, 91, 91, 92, 92, 90, 88, 7.0, 3
‎LB, Nakobe Dean, 25, 2022, 90, 84, 83, 91, 89, 85, 4.0, 3
‎LB, Jeremiah Trotter Jr., 25, 2024, 89, 78, 91, 93, 91, 82, 2.0, 3
‎LB, Jihaad Campbell, 23, 2025, 94, 79, 92, 91, 89, 90, 3.0, 4
‎END_PLAYERS
‎‎######################################################################  COMMANDERS
‎Washington Commanders,WAS
‎QB1, Jayden Daniels, 25, 2024, 98, 91, 82, 93, 91, 99, 10.0M, 2
‎QB2, Marcus Mariota, 32, 2015, 79, 87, 82, 83, 81, 91, 4.0M, 1
‎QB3, Athan Kaliakmanis, 23, 2026, 80, 68, 82, 83, 77, 78, 1.2M, 4
‎RB1, Jacory Croskey-Merritt, 23, 2026, 89, 74, 87, 88, 93, 91, 1.3M, 4
‎RB2, Rachaad White, 27, 2022, 87, 84, 86, 82, 91, 91, 7.0M, 2
‎RB3, Kaytron Allen, 22, 2026, 88, 70, 87, 92, 87, 84, 1.5M, 4
‎WR1, Terry McLaurin, 30, 2019, 93, 94, 91, 94, 94, 89, 24.0M, 3
‎WR2, Stefon Diggs, 32, 2015, 91, 97, 83, 95, 90, 89, 15.0M, 2
‎WR3, Antonio Williams, 23, 2026, 89, 71, 83, 89, 95, 91, 1.5M, 4
‎WR4, Luke McCaffrey, 25, 2024, 85, 78, 83, 86, 91, 90, 1.8M, 3
‎WR5, Treylon Burks, 26, 2022, 82, 76, 78, 83, 90, 80, 2.0M, 1
‎WR6, Dyami Brown, 26, 2021, 77, 74, 82, 79, 95, 82, 1.5M, 1
‎WR7, Jaylin Lane, 23, 2026, 84, 68, 82, 82, 94, 90, 1.2M, 4
‎LT, Laremy Tunsil, 32, 2016, 96, 96, 91, 94, 90, 98, 25.0, 3
‎LG, Nick Allegretti, 29, 2019, 80, 89, 90, 90, 86, 79, 4.0, 2
‎C, Tyler Biadasz, 32, 2020, 88, 94, 90, 89, 85, 88, 8.0, 2
‎RG, Sam Cosmi, 27, 2021, 88, 84, 88, 94, 90, 84, 6.0, 2
‎RT, Brandon Coleman, 25, 2024, 87, 80, 89, 93, 88, 85, 3.5, 3
‎G, Chris Paul, 28, 2022, 79, 82, 86, 91, 85, 76, 2.5, 2
‎K, Matt Gay, 32, 2018, 87, 89, 88, 92, 86, 11, 4.0, 2
‎K, Riley Patterson, 27, 2021, 84, 84, 90, 89, 85, 13, 2.5, 2
‎S, Percy Butler, 26, 2022, 82, 79, 88, 79, 93, 85, 2.0, 2
‎S, Quan Martin, 26, 2023, 87, 80, 90, 84, 94, 87, 2.5, 3
‎S, Darrick Forrest, 27, 2021, 83, 82, 86, 81, 91, 88, 2.5, 2
‎S, Will Harris, 31, 2019, 80, 88, 87, 78, 87, 90, 2.0, 1
‎CB, Marshon Lattimore, 30, 2017, 92, 94, 87, 94, 94, 86, 10.0, 2
‎CB, Mike Sainristil, 25, 2024, 91, 81, 92, 89, 95, 87, 2.5, 3
‎CB, Emmanuel Forbes Jr., 25, 2023, 87, 78, 85, 86, 97, 78, 3.0, 2
‎CB, Benjamin St-Juste, 28, 2021, 80, 79, 85, 79, 92, 81, 2.0, 2
‎DL, Jonathan Allen, 31, 2017, 91, 96, 89, 95, 93, 91, 12.0, 3
‎DL, Daron Payne, 29, 2018, 91, 90, 91, 96, 93, 87, 12.0, 4
‎DL, Javon Kinlaw, 28, 2020, 87, 79, 88, 96, 91, 81, 3.0, 2
‎DL, Phidarian Mathis, 28, 2022, 82, 76, 85, 94, 87, 74, 2.0, 2
‎LB, Bobby Wagner, 36, 2012, 90, 99, 87, 96, 94, 91, 3.0, 1
‎LB, Frankie Luvu, 30, 2018, 90, 87, 91, 91, 90, 85, 8.0, 3
‎LB, Bobby Wagner, 36, 2012, 90, 99, 87, 96, 94, 91, 3.0, 1
‎LB, Dominique Hampton, 24, 2024, 82, 75, 87, 84, 82, 77, 1.3, 3
‎END_PLAYERS
‎‎######################################################################  FALCONS
‎Atlanta Falcons,ATL
‎QB1, Michael Penix Jr., 26, 2024, 93, 83, 72, 94, 88, 70, 6.0M, 2
‎QB2, Tua Tagovailoa, 28, 2020, 88, 91, 75, 91, 93, 78, 25.0M, 2
‎QB3, Cooper Rush, 32, 2017, 76, 80, 82, 81, 78, 61, 3.0M, 1
‎RB1, Bijan Robinson, 24, 2023, 98, 94, 92, 92, 96, 97, 18.0M, 4
‎RB2, Brian Robinson Jr., 27, 2022, 85, 85, 89, 94, 85, 82, 5.0M, 2
‎RB3, Tyler Goodson, 27, 2022, 78, 74, 83, 77, 91, 88, 1.2M, 1
‎WR1, Drake London, 25, 2022, 96, 91, 91, 95, 93, 89, 35.0M, 4
‎WR2, Jahan Dotson, 26, 2022, 87, 82, 82, 88, 95, 91, 5.0M, 2
‎WR3, Olamide Zaccheaus, 29, 2019, 79, 79, 83, 84, 91, 87, 2.0M, 1
‎WR4, Zachariah Branch, 21, 2026, 90, 69, 82, 87, 99, 97, 1.5M, 4
‎WR5, Dylan Drummond, 25, 2024, 78, 70, 82, 81, 92, 87, 1.0M, 2
‎WR6, Chris Blair, 28, 2024, 75, 68, 80, 78, 94, 83, 1.0M, 1
‎LT, Jake Matthews, 34, 2014, 87, 92, 86, 91, 87, 89, 16.0, 2
‎LG, Matthew Bergeron, 26, 2023, 88, 84, 91, 91, 88, 84, 5.5, 3
‎C, Drew Dalman, 28, 2021, 80, 89, 87, 84, 80, 83, 5.5, 2
‎RG, Chris Lindstrom, 30, 2019, 94, 93, 94, 94, 95, 87, 20.0, 4
‎RT, Kaleb McGary, 31, 2019, 84, 87, 86, 94, 88, 87, 10.0, 2
‎G, Ryan Neuzil, 27, 2021, 77, 82, 86, 81, 80, 78, 3.0, 2
‎K, Younghoe Koo, 32, 2017, 93, 96, 92, 90, 93, 6, 5.0, 3
‎K, Riley Patterson, 27, 2021, 84, 84, 90, 89, 85, 13, 2.5, 2
‎S, Jessie Bates III, 29, 2018, 96, 98, 94, 96, 92, 93, 16.0, 4
‎S, DeMarcco Hellams, 25, 2023, 83, 79, 89, 80, 92, 88, 1.8, 2
‎S, Justin Simmons, 32, 2016, 91, 98, 89, 93, 90, 89, 8.0, 2
‎S, Richie Grant, 29, 2021, 81, 81, 87, 79, 91, 83, 2.0, 2
‎CB, A.J. Terrell, 27, 2020, 95, 94, 94, 97, 95, 89, 15.0, 4
‎CB, Mike Hughes, 29, 2018, 83, 85, 88, 83, 94, 82, 2.5, 2
‎CB, Clark Phillips III, 24, 2023, 88, 79, 89, 86, 94, 83, 1.8, 3
‎CB, Dee Alford, 28, 2021, 81, 82, 87, 80, 92, 81, 2.0, 2
‎DL, Matthew Judon, 34, 2016, 90, 94, 86, 91, 88, 94, 7.0, 2
‎DL, Zach Harrison, 26, 2023, 86, 77, 90, 91, 85, 88, 2.0, 3
‎DL, David Onyemata, 34, 2016, 86, 92, 87, 94, 91, 82, 4.0, 2
‎DL, Ruke Orhorhoro, 24, 2024, 87, 76, 89, 94, 88, 82, 2.0, 3
‎LB, Kaden Elliss, 31, 2019, 87, 88, 92, 91, 89, 84, 5.0, 3
‎LB, Troy Andersen, 27, 2022, 93, 79, 89, 93, 91, 87, 3.5, 3
‎LB, Divine Deablo, 29, 2021, 84, 82, 91, 89, 86, 82, 3.0, 2
‎LB, JD Bertrand, 25, 2024, 80, 76, 87, 85, 82, 78, 1.3, 2
‎END_PLAYERS
‎‎######################################################################  PANTHERS
‎Carolina Panthers,CAR
‎QB1, Bryce Young, 25, 2023, 89, 84, 85, 87, 86, 91, 10.0M, 2
‎QB2, Andy Dalton, 38, 2011, 75, 90, 80, 85, 82, 54, 2.5M, 1
‎RB1, Chuba Hubbard, 27, 2021, 88, 87, 88, 87, 90, 87, 8.0M, 4
‎RB2, Jonathon Brooks, 23, 2024, 89, 75, 72, 88, 93, 90, 2.0M, 3
‎RB3, Trevor Etienne, 23, 2025, 87, 74, 86, 82, 94, 92, 1.3M, 4
‎WR1, Tetairoa McMillan, 23, 2026, 95, 76, 86, 94, 93, 88, 2.0M, 4
‎WR2, Jalen Coker, 24, 2024, 84, 76, 83, 87, 89, 85, 1.3M, 3
‎WR3, Xavier Legette, 25, 2024, 85, 72, 84, 84, 96, 87, 2.0M, 3
‎WR4, Jimmy Horn Jr., 25, 2025, 81, 70, 82, 82, 94, 90, 1.1M, 4
‎WR5, Brycen Tremayne, 24, 2026, 80, 68, 81, 80, 92, 86, 1.0M, 4
‎WR6, John Metchie, 25, 2022, 82, 79, 78, 85, 87, 82, 2.0M, 2
‎LT, Ikem Ekwonu, 25, 2022, 91, 86, 89, 95, 92, 84, 8.0, 2
‎LG, Damien Lewis, 27, 2020, 85, 86, 92, 94, 91, 79, 10.0, 3
‎C, Austin Corbett, 31, 2018, 80, 91, 82, 89, 84, 83, 5.0, 2
‎RG, Robert Hunt, 30, 2020, 88, 88, 89, 94, 91, 84, 12.0, 3
‎RT, Taylor Moton, 32, 2017, 90, 94, 92, 92, 87, 94, 17.0, 3
‎G, Chandler Zavala, 26, 2023, 76, 78, 82, 87, 83, 74, 2.5, 2
‎K, Ryan Fitzgerald, 24, 2025, 88, 77, 91, 94, 86, 10, 1.5, 4
‎K, Matthew Wright, 30, 2019, 80, 82, 86, 89, 82, 15, 1.5, 1
‎S, Tre'von Wallace, 25, 2023, 82, 79, 87, 78, 92, 86, 1.5, 2
‎S, Xavier Woods, 31, 2017, 87, 92, 90, 85, 88, 90, 4.0, 2
‎S, Nick Scott, 31, 2019, 78, 80, 84, 75, 89, 84, 1.5, 1
‎S, Demani Richardson, 25, 2024, 80, 76, 87, 76, 91, 83, 1.2, 2
‎CB, Jaycee Horn, 26, 2021, 94, 92, 88, 95, 94, 89, 14.0, 4
‎CB, Mike Jackson, 29, 2020, 82, 81, 89, 82, 92, 82, 2.5, 2
‎CB, Dane Jackson, 29, 2020, 79, 82, 85, 79, 89, 81, 2.0, 1
‎CB, Chau Smith-Wade, 24, 2024, 84, 75, 87, 81, 94, 80, 1.5, 3
‎DL, Derrick Brown, 28, 2020, 94, 91, 91, 98, 97, 82, 16.0, 4
‎DL, Shy Tuttle, 31, 2019, 81, 86, 88, 94, 91, 69, 3.0, 2
‎DL, Derrick Brown, 28, 2020, 94, 91, 91, 98, 97, 82, 16.0, 4
‎DL, T.J. Sanders, 23, 2025, 90, 76, 90, 93, 89, 87, 2.0, 4
‎LB, Shaq Thompson, 32, 2015, 87, 95, 87, 93, 89, 84, 3.0, 2
‎LB, Trevin Wallace, 25, 2024, 90, 77, 91, 91, 87, 83, 2.0, 3
‎LB, Josey Jewell, 31, 2018, 88, 94, 91, 94, 91, 87, 5.0, 2
‎LB, Jon Rhattigan, 27, 2021, 79, 76, 86, 84, 81, 76, 1.2, 1
‎END_PLAYERS
‎‎######################################################################  SAINTS
‎New Orleans Siants,NO
‎QB1, Tyler Shough, 26, 2025, 86, 74, 84, 89, 82, 79, 3.0M, 3
‎QB2, Spencer Rattler, 25, 2024, 82, 73, 80, 87, 79, 83, 2.0M, 2
‎RB1, Travis Etienne Jr., 27, 2021, 91, 88, 88, 88, 94, 94, 10.0M, 3
‎RB2, Alvin Kamara, 31, 2017, 91, 97, 78, 81, 94, 97, 15.0M, 2
‎RB3, Kendre Miller, 24, 2023, 84, 76, 77, 87, 90, 86, 1.5M, 2
‎RB4, Devin Neal, 23, 2026, 85, 71, 84, 84, 92, 87, 1.2M, 4
‎WR1, Chris Olave, 25, 2022, 94, 92, 86, 94, 96, 91, 28.0M, 4
‎WR2, Jordyn Tyson, 23, 2026, 91, 71, 84, 91, 94, 91, 1.6M, 4
‎WR3, Devaughn Vele, 27, 2024, 81, 76, 86, 85, 87, 79, 1.2M, 2
‎WR4, Bryce Lance, 23, 2026, 83, 68, 82, 83, 93, 88, 1.1M, 4
‎WR5, Barion Brown, 23, 2026, 86, 69, 82, 83, 98, 94, 1.2M, 4
‎WR6, Kevin Austin, 25, 2022, 77, 70, 81, 80, 93, 87, 1.0M, 1
‎WR7, Mason Tipton, 26, 2024, 79, 72, 82, 81, 92, 88, 1.0M, 2
‎LT, Trevor Penning, 27, 2022, 86, 80, 84, 96, 89, 81, 5.0, 2
‎LG, Nick Saldiveri, 25, 2023, 79, 78, 83, 90, 85, 77, 2.5, 2
‎C, Erik McCoy, 29, 2019, 91, 94, 88, 92, 88, 91, 12.0, 3
‎RG, Cesar Ruiz, 27, 2020, 85, 87, 90, 91, 87, 82, 8.0, 2
‎RT, Taliese Fuaga, 24, 2024, 94, 86, 94, 99, 96, 85, 5.0, 3
‎G, Lucas Patrick, 33, 2016, 80, 91, 84, 88, 84, 79, 3.0, 1
‎K, Blake Grupe, 28, 2023, 83, 82, 88, 89, 84, 12, 2.0, 2
‎K, Charlie Smyth, 24, 2024, 86, 73, 86, 95, 79, 18, 1.2, 2
‎S, Tyrann Mathieu, 34, 2013, 88, 98, 87, 91, 87, 89, 3.5, 2
‎S, Justin Reid, 29, 2018, 91, 95, 91, 90, 92, 89, 9.0, 3
‎S, Jordan Howden, 26, 2023, 83, 78, 89, 80, 93, 84, 1.8, 2
‎S, J.T. Gray, 30, 2018, 79, 88, 87, 76, 88, 90, 1.8, 2
‎CB, Kool-Aid McKinstry, 24, 2024, 93, 81, 91, 94, 94, 86, 3.5, 3
‎CB, Alontae Taylor, 27, 2022, 88, 83, 89, 87, 94, 84, 3.5, 2
‎CB, Ugochukwu Amadi, 29, 2019, 80, 82, 87, 79, 91, 83, 1.8, 1
‎CB, Rico Payton, 24, 2024, 82, 75, 85, 80, 93, 80, 1.2, 2
‎DL, Chase Young, 27, 2020, 91, 85, 87, 91, 87, 94, 6.0, 2
‎DL, Bryan Bresee, 26, 2023, 92, 81, 90, 94, 88, 93, 4.0, 3
‎DL, Khalen Saunders, 31, 2019, 82, 82, 88, 96, 91, 74, 3.0, 2
‎DL, Isaiah Foskey, 25, 2023, 85, 75, 86, 89, 82, 88, 1.8, 2
‎LB, Demario Davis, 37, 2012, 91, 99, 86, 95, 92, 91, 3.0, 1
‎LB, Pete Werner, 27, 2021, 90, 88, 91, 93, 90, 88, 7.0, 3
‎LB, D'Marco Jackson, 27, 2022, 82, 77, 87, 87, 84, 80, 1.5, 2
‎LB, Jaylon Smith, 31, 2016, 82, 90, 84, 89, 85, 78, 1.5, 1
‎END_PLAYERS
‎‎######################################################################  BUCCANEERS 
‎Tampa Bay Buccaneers,TB
‎QB1, Baker Mayfield, 31, 2018, 90, 89, 91, 91, 90, 82, 35.0M, 3
‎QB2, Kyle Trask, 28, 2021, 76, 75, 80, 82, 79, 60, 2.0M, 1
‎RB1, Bucky Irving, 24, 2024, 92, 82, 87, 84, 95, 94, 4.0M, 3
‎RB2, Kenny Gainwell, 27, 2021, 82, 82, 84, 78, 91, 88, 3.0M, 2
‎RB3, Sean Tucker, 25, 2023, 81, 73, 84, 83, 91, 87, 1.2M, 1
‎WR1, Emeka Egbuka, 23, 2026, 94, 77, 86, 93, 95, 93, 2.0M, 4
‎WR2, Chris Godwin, 30, 2017, 93, 96, 84, 95, 91, 88, 24.0M, 3
‎WR3, Jalen McMillan, 24, 2024, 88, 78, 82, 89, 91, 87, 2.0M, 3
‎WR4, Ted Hurst, 23, 2026, 84, 69, 82, 84, 93, 88, 1.2M, 4
‎WR5, Tez Johnson, 24, 2025, 83, 70, 82, 83, 96, 93, 1.1M, 4
‎WR6, Kameron Johnson, 24, 2025, 78, 68, 81, 80, 92, 87, 1.0M, 4
‎LT, Tristan Wirfs, 27, 2020, 98, 96, 95, 98, 94, 99, 20.0, 5
‎LG, Ben Bredeson, 27, 2020, 79, 85, 87, 89, 84, 78, 3.0, 2
‎C, Graham Barton, 25, 2024, 91, 87, 92, 92, 89, 87, 4.0, 3
‎RG, Cody Mauch, 26, 2023, 86, 83, 89, 91, 88, 82, 3.5, 3
‎RT, Luke Goedeke, 28, 2022, 88, 85, 91, 93, 89, 87, 8.0, 3
‎G, Nick Leverett, 29, 2020, 77, 82, 85, 87, 82, 77, 2.5, 2
‎K, Chase McLaughlin, 30, 2019, 91, 93, 93, 90, 92, 7, 4.0, 3
‎K, Rodrigo Blankenship, 29, 2020, 78, 84, 84, 87, 80, 16, 1.5, 1
‎S, Antoine Winfield Jr., 28, 2020, 98, 96, 94, 97, 94, 95, 21.0, 5
‎S, Christian Izien, 27, 2023, 81, 79, 87, 78, 91, 84, 1.5, 2
‎S, Kaevon Merriweather, 25, 2023, 82, 77, 88, 79, 92, 86, 1.5, 2
‎S, Tykee Smith, 25, 2024, 85, 78, 90, 82, 92, 87, 1.5, 3
‎CB, Zyon McCollum, 27, 2023, 89, 79, 93, 87, 98, 85, 3.0, 3
‎CB, Jamel Dean, 30, 2019, 90, 88, 90, 91, 95, 84, 8.0, 3
‎CB, Benjamin DiNucci, 29, 2020, 76, 73, 84, 75, 90, 78, 1.2, 1
‎CB, Josh Hayes, 26, 2023, 82, 77, 87, 80, 94, 81, 1.5, 2
‎DL, Vita Vea, 31, 2018, 94, 95, 90, 99, 98, 82, 16.0, 4
‎DL, Calijah Kancey, 27, 2023, 94, 80, 88, 91, 84, 96, 4.0, 3
‎DL, Greg Gaines, 31, 2019, 80, 84, 87, 93, 89, 70, 2.5, 2
‎DL, Logan Hall, 27, 2022, 85, 79, 90, 91, 86, 81, 2.5, 2
‎LB, Lavonte David, 36, 2012, 91, 99, 88, 96, 93, 92, 4.0, 2
‎LB, SirVocea Dennis, 25, 2023, 84, 77, 88, 88, 85, 80, 1.5, 2
‎LB, J.J. Russell, 27, 2021, 81, 80, 89, 86, 83, 82, 1.5, 2
‎LB, K.J. Britt, 27, 2021, 82, 81, 90, 88, 84, 79, 1.5, 2
‎END_PLAYERS
‎‎######################################################################  CARDINALS
‎Arizona Cardinals,ARZ
‎QB1, Jacoby Brissett, 33, 2016, 77, 87, 84, 85, 82, 70, 5.0M, 2
‎QB2, Carson Beck, 23, 2026, 88, 72, 84, 91, 84, 72, 4.5M, 4
‎QB3, Gardner Minshew, 30, 2019, 79, 85, 82, 81, 81, 78, 3.5M, 1
‎RB1, Jeremiyah Love, 22, 2026, 94, 75, 88, 91, 97, 94, 2.0M, 4
‎RB2, Tyler Allgeier, 26, 2022, 86, 84, 90, 91, 87, 82, 5.0M, 2
‎RB3, James Conner, 31, 2017, 85, 92, 76, 94, 82, 80, 4.0M, 1
‎WR1, Marvin Harrison Jr., 24, 2024, 97, 91, 90, 96, 94, 90, 10.0M, 3
‎WR2, Michael Wilson, 26, 2023, 86, 81, 87, 89, 91, 82, 3.0M, 2
‎WR3, Kendrick Bourne, 31, 2017, 81, 84, 84, 87, 87, 77, 4.0M, 2
‎WR4, Devin Duvernay, 29, 2020, 77, 76, 80, 81, 96, 89, 1.5M, 1
‎WR5, Reggie Virgil, 23, 2026, 83, 68, 82, 81, 97, 90, 1.1M, 4
‎WR6, Simi Fehoko, 29, 2021, 74, 71, 82, 79, 88, 73, 1.0M, 1
‎LT, Paris Johnson Jr., 26, 2023, 92, 88, 90, 91, 88, 92, 15.2, 3
‎LG, Evan Brown, 30, 2019, 76, 84, 88, 82, 79, 81, 4.0, 2
‎C, Hjalte Froholdt, 29, 2019, 78, 87, 91, 85, 82, 80, 6.0, 2
‎RG, Will Hernandez, 31, 2018, 80, 88, 86, 91, 86, 78, 6.5, 2
‎RT, Jonah Williams, 27, 2019, 84, 87, 83, 87, 82, 86, 12.0, 2
‎G, Isaiah Adams, 25, 2024, 77, 76, 84, 84, 82, 76, 2.5, 2
‎K, Chad Ryland, 27, 2023, 84, 80, 88, 95, 81, 15, 2.0, 2
‎K, Matt Coghlin, 27, 2021, 76, 78, 86, 88, 78, 18, 1.2, 1
‎S, Budda Baker, 30, 2017, 96, 98, 93, 94, 94, 96, 14.0, 3
‎S, Jalen Thompson, 28, 2019, 90, 91, 92, 89, 92, 88, 8.0, 3
‎S, Rabbit Taylor-Demerson, 23, 2024, 88, 77, 89, 83, 96, 85, 1.5, 3
‎S, K'Von Wallace, 28, 2020, 80, 82, 87, 78, 90, 86, 1.8, 2
‎CB, Garrett Williams, 24, 2023, 91, 81, 90, 91, 96, 83, 2.5, 3
‎CB, Max Melton, 23, 2024, 88, 76, 89, 85, 96, 81, 1.8, 3
‎CB, Sean Murphy-Bunting, 29, 2019, 85, 87, 87, 86, 93, 82, 3.0, 2
‎CB, Starling Thomas V, 27, 2023, 80, 76, 86, 78, 95, 79, 1.5, 2
‎DL, Calais Campbell, 40, 2008, 87, 99, 82, 94, 92, 84, 4.0, 1
‎DL, Darius Robinson, 25, 2024, 90, 79, 90, 94, 89, 85, 3.0, 4
‎DL, Justin Jones, 30, 2018, 80, 83, 88, 91, 87, 73, 2.5, 2
‎DL, Dante Stills, 26, 2023, 83, 77, 89, 89, 84, 79, 1.5, 2
‎LB, Zaven Collins, 27, 2021, 88, 86, 91, 91, 89, 84, 4.0, 3
‎LB, Mack Wilson Sr., 28, 2019, 84, 86, 90, 89, 85, 83, 3.0, 2
‎LB, Owen Pappoe, 25, 2023, 87, 77, 90, 88, 84, 81, 1.5, 2
‎LB, Xavier Thomas, 25, 2024, 82, 75, 87, 85, 82, 78, 1.3, 2
‎END_PLAYERS
‎‎######################################################################  RAMS
‎Los Angeles Rams,LA
‎QB1, Matthew Stafford, 38, 2009, 88, 99, 82, 98, 94, 58, 40.0M, 2
‎QB2, Stetson Bennett IV, 28, 2023, 75, 75, 78, 82, 77, 76, 1.5M, 1
‎QB3, Ty Simpson, 23, 2026, 83, 70, 82, 87, 80, 82, 1.3M, 4
‎RB1, Kyren Williams, 26, 2022, 91, 90, 88, 89, 91, 91, 8.0M, 3
‎RB2, Blake Corum, 26, 2024, 87, 82, 86, 90, 88, 85, 1.5M, 3
‎RB3, Jarquez Hunter, 23, 2026, 85, 70, 84, 86, 93, 89, 1.2M, 4
‎WR1, Puka Nacua, 25, 2023, 97, 94, 90, 97, 94, 94, 30.0M, 4
‎WR2, Davante Adams, 33, 2014, 95, 99, 81, 98, 91, 91, 25.0M, 2
‎WR3, Jordan Whittington, 26, 2024, 84, 78, 85, 86, 89, 84, 1.5M, 2
‎WR4, Konata Mumpfield, 23, 2026, 84, 69, 82, 84, 94, 88, 1.2M, 4
‎WR5, CJ Daniels, 23, 2026, 83, 68, 81, 82, 95, 90, 1.1M, 4
‎WR6, Xavier Smith, 27, 2023, 76, 71, 79, 79, 97, 92, 1.0M, 1
‎LT, Alaric Jackson, 27, 2021, 86, 86, 87, 90, 86, 87, 7.0, 2
‎LG, Steve Avila, 26, 2023, 90, 86, 91, 94, 91, 84, 4.0, 3
‎C, Beaux Limmer, 26, 2024, 84, 82, 89, 90, 84, 82, 3.0, 3
‎RG, Jonah Jackson, 29, 2020, 87, 91, 89, 90, 87, 85, 11.0, 3
‎RT, Rob Havenstein, 34, 2015, 90, 94, 89, 96, 92, 90, 10.0, 2
‎G, Kevin Dotson, 29, 2020, 88, 87, 91, 96, 94, 82, 9.0, 2
‎K, Joshua Karty, 25, 2024, 89, 80, 91, 91, 88, 9, 2.0, 3
‎K, Lucas Havrisik, 26, 2023, 76, 74, 83, 92, 73, 21, 1.2, 1
‎S, Kamren Curl, 27, 2020, 90, 91, 92, 88, 91, 92, 7.0, 3
‎S, Kamren Kinchens, 23, 2024, 90, 79, 91, 87, 95, 86, 2.0, 3
‎S, Quentin Lake, 27, 2022, 82, 82, 89, 80, 90, 87, 2.0, 2
‎S, John Johnson III, 30, 2017, 84, 94, 86, 84, 86, 89, 2.5, 1
‎CB, Darious Williams, 33, 2018, 89, 92, 86, 92, 91, 82, 5.0, 2
‎CB, Cobie Durant, 26, 2022, 88, 81, 90, 88, 94, 83, 3.0, 2
‎CB, Emmanuel Forbes Jr., 25, 2023, 87, 78, 85, 86, 97, 78, 3.0, 2
‎CB, Josh Wallace, 24, 2025, 86, 75, 89, 83, 95, 80, 1.5, 3
‎DL, Kobie Turner, 27, 2023, 94, 85, 94, 92, 90, 96, 4.0, 3
‎DL, Braden Fiske, 26, 2024, 91, 79, 91, 94, 89, 91, 3.0, 3
‎DL, Tyler Davis, 29, 2020, 82, 80, 86, 91, 87, 75, 1.8, 2
‎DL, Bobby Brown III, 27, 2021, 84, 78, 89, 94, 90, 73, 2.0, 2
‎LB, Ernest Jones, 26, 2021, 91, 89, 91, 94, 91, 86, 8.0, 3
‎LB, Omar Speights, 25, 2024, 84, 76, 88, 87, 84, 79, 1.5, 3
‎LB, Nate Landman, 28, 2022, 82, 80, 87, 89, 85, 78, 1.5, 2
‎LB, Jake Hummel, 26, 2022, 79, 76, 85, 85, 82, 77, 1.2, 2
‎END_PLAYERS
‎‎######################################################################  49ERS
‎San Francisco 49ers,SF
‎QB1, Brock Purdy, 26, 2022, 94, 94, 91, 91, 94, 83, 35.0M, 5
‎QB2, Mac Jones, 27, 2021, 79, 84, 82, 84, 82, 62, 5.0M, 1
‎RB1, Christian McCaffrey, 30, 2017, 97, 99, 78, 89, 94, 98, 19.0M, 2
‎RB2, Jordan James, 23, 2026, 88, 72, 85, 88, 93, 90, 1.3M, 4
‎RB3, Kaelon Black, 24, 2025, 82, 70, 84, 81, 94, 88, 1.0M, 4
‎WR1, Mike Evans, 33, 2014, 93, 97, 87, 96, 91, 82, 12.0M, 2
‎WR2, Ricky Pearsall, 26, 2024, 89, 82, 78, 90, 93, 88, 4.0M, 3
‎WR3, De'Zhaun Stribling, 24, 2026, 84, 69, 82, 83, 95, 88, 1.2M, 4
‎WR4, Christian Kirk, 29, 2018, 88, 87, 84, 91, 92, 91, 7.0M, 2
‎WR5, Demarcus Robinson, 31, 2016, 77, 77, 83, 83, 91, 77, 2.0M, 1
‎WR6, Jordan Watkins, 24, 2025, 85, 70, 82, 83, 96, 90, 1.2M, 4
‎WR7, Brandon Aiyuk, 32, 2020, 91, 93, 77, 94, 92, 90, 30.0M, 3
‎LT, Trent Williams, 38, 2010, 98, 99, 84, 98, 97, 99, 25.0, 1
‎LG, Aaron Banks, 29, 2021, 86, 88, 87, 94, 91, 82, 8.0, 2
‎C, Jake Brendel, 33, 2019, 82, 92, 88, 87, 84, 82, 4.0, 2
‎RG, Dominick Puni, 26, 2024, 90, 85, 92, 93, 91, 84, 4.0, 3
‎RT, Colton McKivitz, 30, 2020, 82, 87, 88, 91, 87, 81, 5.0, 2
‎G, Ben Bartch, 28, 2020, 76, 81, 84, 89, 83, 76, 2.5, 1
‎K, Jake Moody, 26, 2023, 89, 82, 89, 95, 85, 14, 3.0, 2
‎K, Matthew Coghlin, 27, 2021, 76, 78, 86, 88, 78, 18, 1.2, 1
‎S, Ji'Ayir Brown, 26, 2023, 86, 82, 89, 83, 92, 88, 2.0, 3
‎S, Malik Mustapha, 25, 2024, 89, 78, 92, 82, 94, 91, 1.8, 3
‎S, George Odum, 33, 2018, 80, 88, 86, 76, 87, 89, 1.8, 2
‎S, Jason Pinnock, 27, 2022, 82, 82, 86, 80, 93, 85, 2.0, 2
‎CB, Charvarius Ward, 34, 2018, 91, 94, 87, 93, 92, 86, 6.0, 2
‎CB, Deommodore Lenoir, 27, 2021, 93, 89, 93, 92, 94, 87, 7.0, 4
‎CB, Renardo Green, 25, 2024, 88, 77, 90, 85, 94, 83, 2.0, 3
‎CB, Isaac Yiadom, 30, 2018, 81, 83, 87, 80, 90, 81, 2.0, 2
‎DL, Nick Bosa, 28, 2019, 99, 97, 94, 94, 92, 99, 34.0, 4
‎DL, Javon Hargrave, 33, 2014, 88, 94, 87, 95, 91, 91, 6.0, 2
‎DL, Maliek Collins, 31, 2016, 84, 87, 89, 94, 89, 82, 4.0, 2
‎DL, Yetur Gross-Matos, 27, 2020, 83, 79, 87, 90, 84, 86, 2.5, 2
‎LB, Fred Warner, 30, 2018, 98, 99, 94, 97, 94, 98, 22.0, 5
‎LB, Dre Greenlaw, 29, 2019, 91, 91, 89, 94, 92, 86, 7.0, 3
‎LB, Dee Winters, 26, 2023, 85, 78, 89, 88, 84, 82, 1.5, 2
‎LB, Curtis Robinson, 30, 2020, 78, 77, 85, 85, 82, 77, 1.2, 1
‎END_PLAYERS
‎Seattle Seahawks,SEA
‎QB1, Sam Darnold, 29, 2018, 84, 84, 87, 90, 85, 76, 33.0M, 3
‎QB2, Drew Lock, 29, 2019, 77, 76, 79, 87, 75, 80, 3.0M, 1
‎RB1, Zach Charbonnet, 25, 2023, 90, 83, 89, 91, 90, 87, 8.0M, 3
‎RB2, Jadarian Price, 23, 2026, 85, 70, 85, 84, 95, 91, 1.2M, 4
‎RB3, George Holani, 24, 2024, 80, 71, 84, 82, 89, 85, 1.0M, 2
‎WR1, Jaxon Smith-Njigba, 24, 2023, 97, 94, 91, 97, 94, 95, 30.0M, 4
‎WR2, Rashid Shaheed, 27, 2022, 87, 78, 82, 86, 99, 94, 8.0M, 3
‎WR3, Cooper Kupp, 33, 2017, 91, 99, 79, 96, 87, 91, 7.0M, 2
‎WR4, Tory Horton, 24, 2025, 88, 73, 84, 87, 94, 87, 1.4M, 4
‎WR5, Jake Bobo, 28, 2023, 78, 77, 84, 83, 86, 76, 1.5M, 1
‎WR6, Emmanuel Henderson Jr., 23, 2026, 83, 68, 81, 81, 96, 90, 1.1M, 4
‎LT, Charles Cross, 26, 2022, 92, 88, 92, 93, 89, 93, 8.0, 3
‎LG, Christian Haynes, 26, 2024, 87, 81, 88, 94, 90, 82, 4.0, 3
‎C, Olu Oluwatimi, 26, 2023, 80, 81, 86, 88, 84, 79, 2.5, 2
‎RG, Anthony Bradford, 26, 2023, 84, 80, 88, 97, 92, 76, 3.0, 2
‎RT, Abraham Lucas, 28, 2022, 89, 85, 84, 93, 87, 89, 6.0, 2
‎G, Sataoa Laumea, 24, 2024, 82, 77, 87, 92, 87, 78, 2.5, 3
‎K, Jason Myers, 35, 2015, 89, 95, 91, 91, 90, 8, 4.0, 2
‎K, Sam Martin, 32, 2013, 76, 80, 85, 82, 76, 17, 1.2, 1
‎S, Julian Love, 28, 2019, 90, 93, 92, 88, 91, 91, 6.0, 3
‎S, Rayshawn Jenkins, 32, 2017, 84, 88, 87, 81, 89, 90, 3.0, 2
‎S, Coby Bryant, 27, 2022, 84, 81, 90, 80, 91, 88, 2.5, 2
‎S, K'Von Wallace, 28, 2020, 80, 82, 87, 78, 90, 86, 1.8, 2
‎CB, Devon Witherspoon, 25, 2023, 96, 91, 93, 96, 96, 90, 8.0, 4
‎CB, Riq Woolen, 27, 2022, 91, 82, 89, 89, 99, 82, 4.0, 3
‎CB, Tariq Woolen, 27, 2022, 91, 82, 89, 89, 99, 82, 4.0, 3
‎CB, Nehemiah Pritchett, 25, 2024, 82, 75, 86, 80, 94, 79, 1.5, 2
‎DL, Leonard Williams, 32, 2015, 91, 94, 90, 96, 92, 91, 14.0, 3
‎DL, Byron Murphy II, 24, 2024, 93, 79, 91, 96, 91, 89, 3.5, 4
‎DL, Jarran Reed, 33, 2016, 85, 91, 88, 95, 90, 84, 4.0, 2
‎DL, Rylie Fautanu, 24, 2024, 86, 76, 89, 92, 86, 80, 1.8, 3
‎LB, Ernest Jones, 26, 2021, 91, 89, 91, 94, 91, 86, 8.0, 3
‎LB, Tyrice Knight, 25, 2024, 87, 78, 91, 90, 87, 81, 1.8, 3
‎LB, Uchenna Nwosu, 29, 2018, 86, 84, 87, 87, 84, 83, 4.0, 2
‎LB, Drake Thomas, 25, 2023, 80, 75, 86, 84, 81, 78, 1.3, 2
‎END_PLAYERS